<TICKER>,<DTYYYYMMDD>,<FIRST>,<HIGH>,<LOW>,<CLOSE>,<VALUE>,<VOL>,<OPENINT>,<PER>,<OPEN>,<LAST>
Indamin,20030208,3203,3203,3203,3203,6406000,2000,1,D,0,3203
Indamin,20030226,3363,3363,3363,3363,15133500,4500,1,D,3203,3363
Indamin,20030302,3531,3531,3531,3531,7062000,2000,1,D,3363,3531
Indamin,20030303,3531,3531,3531,3531,7062000,2000,1,D,3531,3531
Indamin,20030305,3531,3531,3531,3531,3531000,1000,1,D,3531,3531
Indamin,20030309,3707,3707,3707,3707,840451040,226720,390,D,3531,3707
Indamin,20030310,3800,3892,3800,3892,19824800,5096,2,D,3707,3892
Indamin,20030311,4086,4086,4086,4086,20430000,5000,1,D,3892,4086
Indamin,20030330,4280,4290,4280,4290,12418020,2895,3,D,4086,4290
Indamin,20030331,4290,4290,4290,4290,5577000,1300,2,D,4290,4290
Indamin,20030405,4290,4290,4290,4290,2522520,588,2,D,4290,4290
Indamin,20030406,4290,4290,4290,4290,1932087300,450370,17,D,4290,4290
Indamin,20030407,4390,4504,4390,4400,2816470000,640000,49,D,4290,4400
Indamin,20030409,4402,4402,4402,4402,4402000,1000,1,D,4400,4402
Indamin,20030413,4622,4622,4405,4449,17881500,4000,5,D,4402,4449
Indamin,20030415,4671,4671,4671,4671,280260000,60000,11,D,4449,4671
Indamin,20030416,4904,4904,4904,4904,147120000,30000,9,D,4671,4904
Indamin,20030419,5149,5149,5149,5149,154470000,30000,10,D,4904,5149
Indamin,20030420,5406,5406,5406,5406,162180000,30000,8,D,5149,5406
Indamin,20030421,5676,5676,5676,5676,340560000,60000,40,D,5406,5676
Indamin,20030422,5959,5959,5958,5959,4996023600,838400,209,D,5676,5959
Indamin,20030426,5959,5960,5957,5959,249266130,41830,15,D,5959,5959
Indamin,20030427,5959,6256,5959,6256,82849730,13370,6,D,5959,6256
Indamin,20030428,6568,6568,6568,6568,2389241360,363770,99,D,6256,6568
Indamin,20030429,6896,6896,6896,6896,1307764336,189641,46,D,6568,6896
Indamin,20030430,7239,7240,6774,7240,856254335,122491,51,D,6896,7240
Indamin,20030503,7240,7602,7240,7400,253872000,34300,16,D,7240,7400
Indamin,20030504,7399,7400,7100,7400,2575853286,353257,176,D,7400,7400
Indamin,20030505,7420,7770,7400,7402,1471371982,191914,80,D,7400,7402
Indamin,20030506,7749,7770,7749,7770,529825100,68300,53,D,7402,7770
Indamin,20030507,7835,8058,7835,8058,30741350,3865,3,D,7770,8058
Indamin,20030510,8063,8150,8040,8150,450202734,55731,37,D,8058,8150
Indamin,20030511,8150,8557,8150,8557,254358300,29756,29,D,8150,8557
Indamin,20030512,8559,8560,8556,8558,261689751,30578,29,D,8557,8558
Indamin,20030513,8557,8558,8131,8440,620825604,74611,45,D,8558,8440
Indamin,20030514,8300,8555,8200,8550,848852146,101302,65,D,8440,8550
Indamin,20030517,8601,8602,8550,8550,1103047802,128889,53,D,8550,8550
Indamin,20030518,8550,8550,8549,8549,8925620,1044,2,D,8550,8549
Indamin,20030520,8123,8470,8122,8470,1343546755,164065,65,D,8549,8470
Indamin,20030521,8400,8460,8349,8460,287925760,34170,20,D,8470,8460
Indamin,20030524,8200,8436,8200,8436,243876425,29303,29,D,8460,8436
Indamin,20030525,8300,8437,8300,8437,425562207,50855,34,D,8436,8437
Indamin,20030526,8858,8858,8437,8858,1347760822,153332,72,D,8437,8858
Indamin,20030527,8880,9000,8880,8898,912009115,102465,58,D,8858,8898
Indamin,20030528,8700,8898,8700,8897,294777520,33600,17,D,8898,8897
Indamin,20030531,8703,8890,8700,8869,376739040,42922,31,D,8897,8869
Indamin,20030601,8800,8867,8426,8867,2584504252,297450,83,D,8869,8867
Indamin,20030602,8750,8818,8750,8818,54134224,6176,6,D,8867,8818
Indamin,20030603,8600,8745,8499,8745,924773581,106705,32,D,8818,8745
Indamin,20030607,8739,8739,8650,8650,121278000,14000,3,D,8745,8650
Indamin,20030609,8218,8218,8218,8218,9861600,1200,1,D,8650,8218
Indamin,20030610,8217,8218,7808,7825,226653002,28270,23,D,8218,7825
Indamin,20030708,10600,11500,10020,10204,4039886013,377401,115,D,7825,10204
Indamin,20030709,10714,10714,10015,10714,3679505990,343835,122,D,10204,10714
Indamin,20030712,11249,11249,11249,11249,3547147170,315330,79,D,10714,11249
Indamin,20030713,11811,11811,10741,11750,590262876,50498,36,D,11249,11750
Indamin,20030714,11201,11750,11200,11750,1838351946,159870,80,D,11750,11750
Indamin,20030715,11750,12337,11750,12337,1129928332,92449,45,D,11750,12337
Indamin,20030716,12953,12953,12245,12250,696087298,56467,42,D,12337,12250
Indamin,20030719,12248,12248,11638,11638,674933607,57453,25,D,12250,11638
Indamin,20030720,11637,11637,11057,11524,691669316,62341,50,D,11638,11524
Indamin,20030721,10949,11494,10948,10948,317535904,28691,30,D,11524,10948
Indamin,20030722,10401,10946,10401,10946,1004808196,95697,47,D,10948,10946
Indamin,20030723,10780,10950,10650,10947,863843740,79600,45,D,10946,10947
Indamin,20030726,11494,11494,10946,11494,1984034946,172774,83,D,10947,11494
Indamin,20030727,11605,12068,11550,11828,904457060,75757,65,D,11494,11828
Indamin,20030728,12050,12410,12000,12408,4382965010,355037,150,D,11828,12408
Indamin,20030729,12621,13027,12416,13027,5463161976,419573,125,D,12408,13027
Indamin,20030730,13678,13678,13020,13034,1484117606,111448,68,D,13027,13034
Indamin,20030803,13000,13027,12495,12838,605323303,47582,38,D,13034,12838
Indamin,20030804,12825,12825,12000,12200,2335716610,192083,66,D,12838,12200
Indamin,20030806,12100,12100,11977,11977,125654289,10484,6,D,12200,11977
Indamin,20030809,11830,11830,11708,11708,123158820,10415,5,D,11977,11708
Indamin,20030810,10990,10995,10501,10529,414321113,39283,25,D,11708,10529
Indamin,20030811,10200,10997,10200,10600,612882124,59051,49,D,10529,10600
Indamin,20030812,11000,11950,11000,11000,698216960,61012,32,D,10600,11000
Indamin,20030813,11500,11999,11100,11999,237799675,20620,13,D,11000,11999
Indamin,20030816,11701,11701,11110,11110,101640620,9000,7,D,11999,11110
Indamin,20030817,11120,11650,11000,11500,163630239,14622,16,D,11110,11500
Indamin,20030818,11489,11489,10701,10701,100022287,9006,11,D,11500,10701
Indamin,20030819,10701,10701,10000,10472,504242446,47902,26,D,10701,10472
Indamin,20030820,10522,10554,10472,10472,65376762,6206,6,D,10472,10472
Indamin,20030823,10534,10995,10472,10472,73977771,6766,12,D,10472,10472
Indamin,20030824,10701,10750,10472,10472,66310812,6200,10,D,10472,10472
Indamin,20030825,10600,10700,10472,10472,213647547,20016,18,D,10472,10472
Indamin,20030826,10700,10700,10472,10472,302051760,28598,14,D,10472,10472
Indamin,20030827,10545,10545,10300,10472,71638202,6830,7,D,10472,10472
Indamin,20030830,10300,10472,10200,10472,21979272,2145,8,D,10472,10472
Indamin,20030831,10000,10472,9949,10472,44952720,4510,6,D,10472,10472
Indamin,20030901,9949,10472,9949,10472,20002720,2010,3,D,10472,10472
Indamin,20030902,9949,10472,9949,10472,20002720,2010,4,D,10472,10472
Indamin,20030903,9949,10472,9949,10472,20002720,2010,3,D,10472,10472
Indamin,20030906,9949,10472,9949,10472,10053720,1010,2,D,10472,10472
Indamin,20030908,9949,9949,9949,9949,9949000,1000,1,D,10472,9949
Indamin,20030909,9452,9949,9452,9949,19003490,2010,5,D,9949,9949
Indamin,20030920,9452,9885,9452,9885,9550850,1010,2,D,9949,9885
Indamin,20030921,9391,9641,9391,9641,36157850,3850,5,D,9885,9641
Indamin,20030922,9159,9159,9159,9159,216152400,23600,23,D,9641,9159
Indamin,20030923,9000,9148,9000,9148,4591480,510,3,D,9159,9148
Indamin,20030927,8988,9134,8988,9134,6050384,673,2,D,9148,9134
Indamin,20030928,8900,8988,8700,8917,44987970,5110,7,D,9134,8917
Indamin,20030929,8600,8821,8472,8821,17174210,2010,6,D,8917,8821
Indamin,20030930,8380,8744,8380,8744,11442340,1365,3,D,8821,8744
Indamin,20031001,8307,8687,8307,8687,8393870,1010,2,D,8744,8687
Indamin,20031004,8310,8310,8253,8279,199163690,24054,21,D,8687,8279
Indamin,20031005,8280,8600,8280,8519,126203969,14813,13,D,8279,8519
Indamin,20031006,8519,8944,8519,8847,82408226,9314,10,D,8519,8847
Indamin,20031007,9159,9159,8999,9130,569249015,62345,23,D,8847,9130
Indamin,20031008,9150,9150,9100,9133,35972623,3937,8,D,9130,9133
Indamin,20031011,9133,9143,9133,9135,30452566,3332,7,D,9133,9135
Indamin,20031013,9000,9086,9000,9086,25425860,2825,3,D,9135,9086
Indamin,20031015,8900,8981,8640,8981,23351810,2660,6,D,9086,8981
Indamin,20031018,8532,8837,8532,8837,21418370,2510,3,D,8981,8837
Indamin,20031020,8396,8582,8396,8582,37867820,4510,3,D,8837,8582
Indamin,20031021,8153,8154,8153,8153,270435610,33170,26,D,8582,8153
Indamin,20031022,8560,8560,8396,8445,159361010,18870,15,D,8153,8445
Indamin,20031025,8632,8865,8630,8715,231589962,26572,14,D,8445,8715
Indamin,20031026,9000,9149,8900,9004,201096040,22333,25,D,8715,9004
Indamin,20031027,8993,9003,8993,9003,1124225,125,2,D,9004,9003
Indamin,20031028,8984,8984,8750,8924,40540567,4571,7,D,9003,8924
Indamin,20031029,8727,8917,8727,8917,2270920,260,2,D,8924,8917
Indamin,20031101,8472,8472,8472,8472,67776000,8000,3,D,8917,8472
Indamin,20031102,8050,8053,8049,8049,837680310,104065,47,D,8472,8049
Indamin,20031103,8000,8039,7950,8039,8055390,1010,3,D,8049,8039
Indamin,20031104,7900,7971,7638,7825,165517250,21150,11,D,8039,7825
Indamin,20031105,7434,7649,7434,7649,26095490,3510,4,D,7825,7649
Indamin,20031108,7267,7458,7267,7458,28415880,3910,3,D,7649,7458
Indamin,20031109,7086,7086,7086,7086,454127568,64088,33,D,7458,7086
Indamin,20031110,7085,7150,7000,7085,363541556,51311,27,D,7086,7085
Indamin,20031111,7130,7200,7099,7176,128598193,17920,14,D,7085,7176
Indamin,20031112,7204,7205,7198,7201,321559805,44652,16,D,7176,7201
Indamin,20031115,7101,7192,7101,7192,4815388,678,3,D,7201,7192
Indamin,20031117,7192,7192,7192,7192,80852464,11242,7,D,7192,7192
Indamin,20031118,7100,7102,7100,7100,152166738,21429,11,D,7192,7100
Indamin,20031119,7082,7083,7081,7081,102241918,14437,13,D,7100,7081
Indamin,20031122,7100,7182,7100,7100,73103850,10295,10,D,7081,7100
Indamin,20031123,7182,7182,7121,7144,96517440,13510,7,D,7100,7144
Indamin,20031124,7140,7140,7101,7117,42725170,6010,12,D,7144,7117
Indamin,20031125,7139,7140,6787,7122,86395328,12130,13,D,7117,7122
Indamin,20031129,7066,7107,7066,7107,14203070,2010,2,D,7122,7107
Indamin,20031130,7068,7068,6900,6961,78933158,11338,8,D,7107,6961
Indamin,20031201,6752,6752,6613,6709,116804741,17409,13,D,6961,6709
Indamin,20031203,6598,6598,6374,6378,336903356,52822,19,D,6709,6378
Indamin,20031206,6374,6374,6369,6371,121918539,19135,25,D,6378,6371
Indamin,20031207,6360,6370,6053,6349,116020610,18271,16,D,6371,6349
Indamin,20031208,6120,6319,6120,6319,6183190,1010,2,D,6349,6319
Indamin,20031210,6279,6279,6053,6177,30878688,5061,6,D,6319,6177
Indamin,20031213,5869,6039,5869,5889,164607239,27951,11,D,6177,5889
Indamin,20031214,5600,5830,5595,5633,42525430,7560,9,D,5889,5633
Indamin,20031215,5352,5595,5352,5356,323822755,60453,30,D,5633,5356
Indamin,20031216,5089,5623,5089,5595,167268506,29891,24,D,5356,5595
Indamin,20031217,5326,5326,5316,5321,100320598,18853,11,D,5595,5321
Indamin,20031221,5300,5300,5297,5298,129567127,24453,8,D,5321,5298
Indamin,20031222,5211,5297,5211,5213,61674336,11830,11,D,5298,5213
Indamin,20031223,5211,5211,5209,5211,26786323,5141,5,D,5213,5211
Indamin,20031224,5055,5127,4951,5127,16192112,3232,6,D,5211,5127
Indamin,20031227,5053,5107,5053,5107,10381070,2054,5,D,5127,5107
Indamin,20031229,4953,5051,4953,5051,14017970,2830,6,D,5107,5051
Indamin,20031230,5046,5050,5046,5050,2573500,510,2,D,5051,5050
Indamin,20031231,5044,5049,5044,5049,4751498,942,5,D,5050,5049
Indamin,20040103,5039,5040,5033,5037,53434168,10608,14,D,5049,5037
Indamin,20040104,5000,5000,4998,5000,37529926,7507,5,D,5037,5000
Indamin,20040105,4995,4996,4750,4938,13849610,2865,5,D,5000,4938
Indamin,20040106,4849,4915,4849,4915,9747150,2010,2,D,4938,4915
Indamin,20040107,4830,4865,4825,4865,21541425,4461,8,D,4915,4865
Indamin,20040110,4788,4809,4622,4805,33676252,7016,7,D,4865,4805
Indamin,20040111,4616,5044,4616,4841,131830028,27229,17,D,4805,4841
Indamin,20040113,5083,5083,4872,4872,5131720,1010,2,D,4841,4872
Indamin,20040114,5115,5115,5115,5115,76725000,15000,6,D,4872,5115
Indamin,20040117,5370,5370,5370,5370,126200370,23501,13,D,5115,5370
Indamin,20040118,5636,5637,5625,5625,42704583,7580,5,D,5370,5625
Indamin,20040119,5634,5905,5633,5759,81168946,14094,13,D,5625,5759
Indamin,20040120,5903,5910,5760,5890,94339640,16015,9,D,5759,5890
Indamin,20040121,6000,6000,5759,5865,60769260,10360,16,D,5890,5865
Indamin,20040124,5865,5865,5700,5842,84679973,14495,10,D,5865,5842
Indamin,20040519,4800,5000,4800,4965,350829799,70660,30,D,5842,4965
Indamin,20040522,4717,4953,4717,4953,3021240,640,2,D,4965,4953
Indamin,20040524,4706,4750,4706,4750,51813500,11010,3,D,4953,4750
Indamin,20040526,4513,4555,4513,4555,49688550,11010,3,D,4750,4555
Indamin,20040529,4328,4368,4328,4368,47651680,11010,3,D,4555,4368
Indamin,20040530,4150,4172,4150,4172,49841720,12010,7,D,4368,4172
Indamin,20040531,3964,4150,3964,3966,999684690,252010,46,D,4172,3966
Indamin,20040601,4140,4140,3966,3982,101077650,25382,11,D,3966,3982
Indamin,20040602,3980,3981,3980,3981,7761010,1950,2,D,3982,3981
Indamin,20040605,3900,3976,3900,3976,2769760,710,3,D,3981,3976
Indamin,20040606,3886,3895,3874,3895,42696969,11010,9,D,3976,3895
Indamin,20040616,3701,4000,3701,3803,190191615,50010,28,D,3895,3803
Indamin,20050226,4512,4513,4512,4512,9069820,2010,4,D,3803,4512
Indamin,20050301,4287,4287,4287,4287,2143500,500,1,D,4512,4287
Indamin,20050302,4073,4073,4073,4073,2036500,500,1,D,4287,4073
Indamin,20050314,3870,3870,3870,3870,1935000,500,1,D,4073,3870
Indamin,20050327,3677,3870,3677,3870,112240,30,2,D,3870,3870
Indamin,20050404,3677,3677,3677,3677,1838500,500,1,D,3870,3677
Indamin,20050406,3494,3494,3494,3494,1747000,500,1,D,3677,3494
Indamin,20050410,3320,3320,3320,3320,841208320,253376,73,D,3494,3320
Indamin,20050411,3318,3319,3318,3319,16251058,4897,2,D,3320,3319
Indamin,20050412,3154,3271,3154,3271,9494710,3010,5,D,3319,3271
Indamin,20050503,3108,3268,3108,3268,629416,202,3,D,3271,3268
Indamin,20050515,3105,3268,3105,3268,63730,20,2,D,3268,3268
Indamin,20050614,3105,3105,3105,3105,32292000,10400,7,D,3268,3105
Indamin,20050713,2930,2930,2930,2930,424850,145,1,D,3105,2930
Indamin,20050716,2784,2784,2784,2784,28953600,10400,4,D,2930,2784
Indamin,20050724,2645,2645,2645,2645,27508000,10400,3,D,2784,2645
Indamin,20050725,2513,2513,2513,2513,27120296,10792,4,D,2645,2513
Indamin,20050726,2388,2388,2388,2388,24835200,10400,2,D,2513,2388
Indamin,20050727,2387,2388,2385,2387,51215286,21453,17,D,2388,2387
Indamin,20050730,2387,2387,2386,2386,25305544,10604,8,D,2387,2386
Indamin,20050731,2505,2505,2410,2410,5434900,2170,3,D,2386,2410
Indamin,20050803,2400,2404,2290,2300,76498676,33246,7,D,2410,2300
Indamin,20050807,2220,2271,2185,2271,6628710,3010,4,D,2300,2271
Indamin,20050813,2271,2271,2271,2271,5709294,2514,3,D,2271,2271
Indamin,20050829,2200,2200,2200,2200,87997800,39999,5,D,2271,2200
Indamin,20051107,2090,2090,2090,2090,418000,200,3,D,2200,2090
Indamin,20051122,1986,1986,1986,1986,20654400,10400,5,D,2090,1986
Indamin,20051123,1986,1986,1986,1986,115942680,58380,24,D,1986,1986
Indamin,20051205,1986,1986,1985,1986,1125278745,566891,3,D,1986,1986
Indamin,20051212,1986,1986,1986,1986,6951000,3500,3,D,1986,1986
Indamin,20051213,1982,2050,1982,2004,69196983,34524,11,D,1986,2004
Indamin,20051214,1910,2002,1910,2002,316070,165,2,D,2004,2002
Indamin,20051217,1981,2000,1981,2000,1713755,865,2,D,2002,2000
Indamin,20051219,1982,1993,1980,1993,7066100,3566,4,D,2000,1993
Indamin,20051228,1993,1993,1993,1993,19930,10,1,D,1993,1993
Indamin,20051231,1992,1993,1992,1992,6543995,3285,3,D,1993,1992
Indamin,20060318,2085,2151,2085,2110,68936693,32663,14,D,1992,2110
Indamin,20060326,2152,2152,2116,2116,3335240,1550,3,D,2110,2116
Indamin,20060410,2158,2158,2133,2133,9268360,4295,3,D,2116,2133
Indamin,20060418,2175,2175,2155,2155,12245050,5630,2,D,2133,2155
Indamin,20060425,2198,2198,2196,2196,22001960,10010,2,D,2155,2196
Indamin,20060429,2239,2239,2197,2197,716060,320,2,D,2196,2197
Indamin,20060502,2240,2240,2197,2197,290770,130,2,D,2197,2197
Indamin,20060506,2240,2240,2198,2198,716380,320,3,D,2197,2198
Indamin,20060507,2241,2241,2241,2241,23608935,10535,2,D,2198,2241
Indamin,20060508,2285,2285,2283,2283,22872830,10010,2,D,2241,2283
Indamin,20060607,2504,2530,2500,2506,420441132,167740,50,D,2283,2506
Indamin,20060610,2556,2556,2556,2556,55273500,21625,12,D,2506,2556
Indamin,20060611,2607,2607,2607,2607,104280000,40000,9,D,2556,2607
Indamin,20060612,2659,2659,2659,2659,79355196,29844,14,D,2607,2659
Indamin,20060613,2712,2712,2606,2696,578817222,214655,83,D,2659,2696
Indamin,20060614,2644,2670,2643,2645,66475450,25130,12,D,2696,2645
Indamin,20060617,2593,2697,2593,2681,201122674,75010,32,D,2645,2681
Indamin,20060618,2734,2734,2728,2733,208483910,76264,27,D,2681,2733
Indamin,20060619,2725,2725,2710,2713,31664944,11671,10,D,2733,2713
Indamin,20060620,2700,2712,2700,2712,3543681,1310,3,D,2713,2712
Indamin,20060621,2705,2705,2662,2669,26706099,10007,7,D,2712,2669
Indamin,20060624,2670,2690,2670,2674,81796476,30579,11,D,2669,2674
Indamin,20060625,2700,2700,2675,2698,29714480,11010,8,D,2674,2698
Indamin,20060626,2698,2698,2674,2684,17664500,6600,5,D,2698,2684
Indamin,20060627,2684,2684,2632,2683,40015322,14914,12,D,2684,2683
Indamin,20060628,2682,2684,2682,2682,3768420,1405,3,D,2683,2682
Indamin,20060701,2650,2680,2650,2680,1407450,531,3,D,2682,2680
Indamin,20060702,2669,2683,2630,2675,29668100,11089,9,D,2680,2675
Indamin,20060708,2622,2667,2622,2667,4996575,1895,3,D,2675,2667
Indamin,20060710,2614,2616,2614,2616,26166160,10010,4,D,2667,2616
Indamin,20060711,2571,2614,2564,2585,61380766,23740,14,D,2616,2585
Indamin,20060712,2565,2565,2534,2552,86021890,33695,16,D,2585,2552
Indamin,20060715,2600,2600,2555,2555,2014550,775,2,D,2552,2555
Indamin,20060716,2504,2505,2504,2504,64908176,25919,17,D,2555,2504
Indamin,20060717,2456,2544,2454,2467,34368896,13929,12,D,2504,2467
Indamin,20060719,2419,2425,2419,2425,21795250,9010,3,D,2467,2425
Indamin,20060730,2400,2400,2377,2383,41144328,17260,10,D,2425,2383
Indamin,20060731,2336,2360,2336,2360,11703600,5010,3,D,2383,2360
Indamin,20060801,2313,2313,2313,2313,42790500,18500,9,D,2360,2313
Indamin,20060802,2267,2267,2267,2267,24692164,10892,5,D,2313,2267
Indamin,20060805,2223,2224,2222,2222,46724622,21020,15,D,2267,2222
Indamin,20060806,2266,2266,2224,2224,1234550,545,2,D,2222,2224
Indamin,20060807,2266,2268,2264,2267,42053410,18545,10,D,2224,2267
Indamin,20060813,2312,2312,2290,2290,12819820,5545,3,D,2267,2290
Indamin,20060814,2313,2335,2313,2333,33142365,14205,10,D,2290,2333
Indamin,20060815,2379,2379,2339,2339,3506246,1474,2,D,2333,2339
Indamin,20060816,2385,2385,2385,2385,136426770,57202,21,D,2339,2385
Indamin,20060819,2432,2432,2430,2431,154691510,63610,22,D,2385,2431
Indamin,20060820,2450,2453,2450,2452,41684000,17000,3,D,2431,2452
Indamin,20060821,2498,2501,2498,2500,220360754,88117,28,D,2452,2500
Indamin,20060823,2550,2550,2500,2549,79074040,31010,15,D,2500,2549
Indamin,20060826,2597,2599,2589,2595,64962250,25025,18,D,2549,2595
Indamin,20060827,2595,2640,2595,2632,123660645,46970,13,D,2595,2632
Indamin,20060828,2600,2600,2580,2586,29129560,11262,5,D,2632,2586
Indamin,20060829,2570,2579,2570,2575,37629822,14610,7,D,2586,2575
Indamin,20060902,2524,2567,2524,2567,4041354,1601,4,D,2575,2567
Indamin,20060903,2516,2618,2516,2529,135873074,53714,27,D,2567,2529
Indamin,20060904,2579,2579,2480,2521,244599789,97010,25,D,2529,2521
Indamin,20060905,2571,2571,2571,2571,184903749,71919,17,D,2521,2571
Indamin,20060906,2622,2622,2620,2621,245492094,93632,36,D,2571,2621
Indamin,20060911,2569,2569,2569,2569,102760000,40000,11,D,2621,2569
Indamin,20060912,2518,2518,2518,2518,123394590,49005,11,D,2569,2518
Indamin,20060913,2470,2501,2468,2501,8654070,3505,6,D,2518,2501
Indamin,20060916,2516,2517,2508,2508,12606080,5010,3,D,2501,2508
Indamin,20060919,2499,2557,2499,2532,16010248,6282,6,D,2508,2532
Indamin,20060920,2532,2532,2520,2531,12156562,4802,8,D,2532,2531
Indamin,20060926,2501,2502,2498,2500,75743594,30296,13,D,2531,2500
Indamin,20060927,2450,2496,2450,2496,2046210,835,2,D,2500,2496
Indamin,20060930,2450,2451,2450,2451,24524510,10010,2,D,2496,2451
Indamin,20061001,2404,2451,2403,2413,138298037,57291,16,D,2451,2413
Indamin,20061002,2413,2413,2370,2391,54507550,22790,7,D,2413,2391
Indamin,20061007,2345,2382,2345,2382,4371450,1864,2,D,2391,2382
Indamin,20061009,2390,2390,2385,2385,14741586,6172,5,D,2382,2385
Indamin,20061011,2340,2376,2340,2376,4703760,2010,2,D,2385,2376
Indamin,20061014,2376,2376,2376,2376,1190376,501,3,D,2376,2376
Indamin,20061016,2329,2373,2329,2337,29008570,12410,3,D,2376,2337
Indamin,20061017,2291,2293,2291,2291,37578591,16401,7,D,2337,2291
Indamin,20061018,2336,2336,2336,2336,196224000,84000,17,D,2291,2336
Indamin,20061021,2382,2382,2382,2382,526026588,220834,46,D,2336,2382
Indamin,20061022,2397,2428,2397,2402,28054204,11677,9,D,2382,2402
Indamin,20061023,2449,2450,2449,2449,53923127,22010,15,D,2402,2449
Indamin,20061028,2497,2497,2495,2496,41197500,16500,5,D,2449,2496
Indamin,20061029,2447,2485,2447,2485,5679867,2321,3,D,2496,2485
Indamin,20061104,2436,2485,2436,2485,268450,110,2,D,2485,2485
Indamin,20061105,2436,2480,2436,2480,2460800,1010,2,D,2485,2480
Indamin,20061106,2431,2475,2431,2475,2455750,1010,2,D,2480,2475
Indamin,20061108,2426,2426,2426,2426,25230400,10400,6,D,2475,2426
Indamin,20061111,2379,2384,2378,2384,21903440,9210,6,D,2426,2384
Indamin,20061115,2337,2377,2337,2377,3529270,1510,2,D,2384,2377
Indamin,20061125,2330,2330,2330,2330,78884480,33856,10,D,2377,2330
Indamin,20061126,2284,2312,2284,2312,9159120,4010,2,D,2330,2312
Indamin,20061127,2266,2266,2266,2266,23566400,10400,5,D,2312,2266
Indamin,20061128,2221,2221,2221,2221,29716980,13380,4,D,2266,2221
Indamin,20061129,2177,2215,2177,2215,3022056,1388,3,D,2221,2215
Indamin,20061202,2171,2190,2171,2190,13047900,6010,5,D,2215,2190
Indamin,20061203,2171,2171,2148,2153,93936096,43623,17,D,2190,2153
Indamin,20061204,2110,2148,2110,2110,131909900,62510,17,D,2153,2110
Indamin,20061205,2110,2152,2110,2128,37476480,17610,7,D,2110,2128
Indamin,20061206,2142,2170,2142,2169,154988110,71436,19,D,2128,2169
Indamin,20061209,2127,2160,2127,2149,33917762,15776,6,D,2169,2149
Indamin,20061210,2131,2131,2107,2108,43253580,20510,8,D,2149,2108
Indamin,20061211,2108,2110,2066,2084,16436240,7910,7,D,2108,2084
Indamin,20061212,2043,2046,2043,2043,80459101,39364,11,D,2084,2043
Indamin,20061213,2005,2005,2003,2003,172013550,85850,18,D,2043,2003
Indamin,20061216,2010,2043,1963,1974,134882068,68312,28,D,2003,1974
Indamin,20061219,2013,2013,1936,1996,25121164,12580,10,D,1974,1996
Indamin,20061220,1963,1971,1963,1969,44237492,22466,12,D,1996,1969
Indamin,20061223,1969,1969,1969,1969,9845000,5000,1,D,1969,1969
Indamin,20061224,1969,1970,1969,1969,21230719,10780,5,D,1969,1969
Indamin,20061225,1970,1970,1969,1969,9481600,4813,3,D,1969,1969
Indamin,20061227,1969,1969,1969,1969,1969000,1000,1,D,1969,1969
Indamin,20061230,1969,1969,1969,1969,5326145,2705,3,D,1969,1969
Indamin,20070102,1960,1960,1944,1956,11294152,5805,4,D,1969,1956
Indamin,20070106,1995,1995,1945,1994,77192590,38700,15,D,1956,1994
Indamin,20070107,2033,2033,2009,2009,8152090,4010,4,D,1994,2009
Indamin,20070109,2049,2049,2049,2049,22231650,10850,2,D,2009,2049
Indamin,20070113,2089,2089,2089,2089,32379500,15500,3,D,2049,2089
Indamin,20070114,2130,2130,2130,2130,33015000,15500,5,D,2089,2130
Indamin,20070115,2172,2172,2172,2172,141040992,64936,28,D,2130,2172
Indamin,20070116,2172,2188,2167,2173,89044725,40960,14,D,2172,2173
Indamin,20070120,2130,2163,2130,2163,5318940,2497,3,D,2173,2163
Indamin,20070121,2120,2120,2120,2120,41089840,19382,4,D,2163,2120
Indamin,20070122,2078,2078,2078,2078,137702826,66267,20,D,2120,2078
Indamin,20070123,2037,2037,2037,2037,24342150,11950,7,D,2078,2037
Indamin,20070124,1997,1997,1997,1997,21967000,11000,8,D,2037,1997
Indamin,20070127,2000,2036,2000,2026,57262748,28263,7,D,1997,2026
Indamin,20070128,2066,2066,2052,2060,51747530,25115,10,D,2026,2060
Indamin,20070131,2060,2060,2019,2033,24779659,12188,6,D,2060,2033
Indamin,20070203,2006,2019,2005,2019,10182520,5076,3,D,2033,2019
Indamin,20070204,2059,2059,1979,1989,452951612,227648,42,D,2019,1989
Indamin,20070205,2028,2028,2001,2001,6489330,3200,4,D,1989,2001
Indamin,20070206,2040,2041,2040,2040,26543400,13010,4,D,2001,2040
Indamin,20070207,2060,2080,2060,2072,61502246,29676,15,D,2040,2072
Indamin,20070210,2113,2113,2113,2113,51345900,24300,9,D,2072,2113
Indamin,20070212,2155,2155,2150,2154,67841090,31487,15,D,2113,2154
Indamin,20070213,2195,2197,2195,2195,57113950,26010,5,D,2154,2195
Indamin,20070214,2238,2238,2238,2238,26856000,12000,6,D,2195,2238
Indamin,20070217,2282,2282,2282,2282,25017566,10963,4,D,2238,2282
Indamin,20070218,2327,2327,2311,2311,15416215,6625,5,D,2282,2311
Indamin,20070219,2357,2357,2357,2357,24512800,10400,6,D,2311,2357
Indamin,20070220,2404,2404,2404,2404,25001600,10400,4,D,2357,2404
Indamin,20070221,2452,2452,2404,2445,297061090,121480,42,D,2404,2445
Indamin,20070224,2397,2397,2397,2397,24928800,10400,5,D,2445,2397
Indamin,20070225,2357,2396,2350,2356,220628322,93638,28,D,2397,2356
Indamin,20070226,2310,2400,2310,2361,69677130,29510,11,D,2356,2361
Indamin,20070227,2361,2362,2318,2360,256427597,108646,26,D,2361,2360
Indamin,20070304,1951,1992,1951,1952,20525120,10510,5,D,2360,1952
Indamin,20070305,1991,1991,1952,1952,39430,20,2,D,1952,1952
Indamin,20070306,1991,1991,1986,1986,17938860,9010,2,D,1952,1986
Indamin,20070312,2025,2025,2023,2023,20270230,10010,2,D,1986,2023
Indamin,20070313,2063,2063,2063,2063,30945000,15000,5,D,2023,2063
Indamin,20070314,2104,2104,2104,2104,335609040,159510,43,D,2063,2104
Indamin,20070317,2146,2146,2146,2146,138846200,64700,18,D,2104,2146
Indamin,20070319,2188,2188,2188,2188,96272000,44000,14,D,2146,2188
Indamin,20070325,2231,2231,2198,2198,5599480,2510,3,D,2188,2198
Indamin,20070326,2241,2241,2240,2240,23032988,10278,6,D,2198,2240
Indamin,20070327,2284,2284,2284,2284,26037600,11400,7,D,2240,2284
Indamin,20070328,2329,2329,2324,2324,21450040,9210,7,D,2284,2324
Indamin,20070331,2370,2370,2368,2368,23723680,10010,2,D,2324,2368
Indamin,20070403,2415,2415,2414,2414,223463185,92533,30,D,2368,2414
Indamin,20070404,2366,2370,2366,2366,340874130,144055,44,D,2414,2366
Indamin,20070407,2366,2413,2366,2394,104159404,43498,15,D,2366,2394
Indamin,20070408,2441,2441,2441,2441,151342000,62000,13,D,2394,2441
Indamin,20070409,2489,2489,2393,2485,184470863,74222,37,D,2441,2485
Indamin,20070410,2490,2533,2489,2504,63464558,25336,8,D,2485,2504
Indamin,20070411,2454,2554,2454,2518,29274232,11625,10,D,2504,2518
Indamin,20070414,2567,2568,2567,2567,45699022,17799,7,D,2518,2567
Indamin,20070415,2565,2618,2564,2597,100718890,38781,23,D,2567,2597
Indamin,20070416,2597,2597,2597,2597,12985000,5000,1,D,2597,2597
Indamin,20070417,2546,2546,2546,2546,84018000,33000,12,D,2597,2546
Indamin,20070418,2496,2496,2496,2496,240007872,96157,26,D,2546,2496
Indamin,20070421,2496,2500,2447,2494,92933268,37262,16,D,2496,2494
Indamin,20070422,2494,2540,2494,2530,152442474,60231,16,D,2494,2530
Indamin,20070423,2575,2580,2575,2577,25822295,10010,4,D,2530,2577
Indamin,20070424,2618,2618,2577,2606,47417710,18191,10,D,2577,2606
Indamin,20070425,2604,2606,2602,2602,26102376,10030,8,D,2606,2602
Indamin,20070428,2550,2550,2550,2550,164936550,64681,15,D,2602,2550
Indamin,20070429,2568,2575,2568,2572,131313359,51041,8,D,2550,2572
Indamin,20070502,2572,2623,2572,2613,118209942,45228,16,D,2572,2613
Indamin,20070505,2658,2659,2622,2622,5342320,2010,3,D,2613,2622
Indamin,20070512,3490,3490,3450,3456,34594560,10010,4,D,2622,3456
Indamin,20070513,3387,3449,3387,3449,3421490,1010,3,D,3456,3449
Indamin,20070609,2400,2400,2400,2400,2400000,1000,1,D,3449,2400
Indamin,20070613,2352,2391,2352,2391,4727910,2010,2,D,2400,2391
Indamin,20070724,2344,2344,2344,2344,24377600,10400,2,D,2391,2344
Indamin,20070725,2298,2298,2298,2298,23899200,10400,2,D,2344,2298
Indamin,20070729,2253,2253,2253,2253,23431200,10400,3,D,2298,2253
Indamin,20070730,2208,2208,2208,2208,22963200,10400,3,D,2253,2208
Indamin,20070731,2164,2166,2164,2166,21661660,10010,2,D,2208,2166
Indamin,20070801,2123,2123,2123,2123,22079200,10400,3,D,2166,2123
Indamin,20070804,2081,2081,2081,2081,21642400,10400,3,D,2123,2081
Indamin,20070805,2040,2040,2040,2040,21216000,10400,6,D,2081,2040
Indamin,20070806,2000,2000,2000,2000,20800000,10400,2,D,2040,2000
Indamin,20070807,1962,2000,1960,1966,340871499,173317,46,D,2000,1966
Indamin,20070812,2005,2005,1985,1985,10044850,5010,3,D,1966,1985
Indamin,20070813,2019,2024,2019,2020,20232681,10009,8,D,1985,2020
Indamin,20070814,2060,2060,2005,2059,166878500,81021,31,D,2020,2059
Indamin,20070815,2059,2059,2059,2059,20590000,10000,1,D,2059,2059
Indamin,20070819,2050,2058,2050,2058,4126580,2010,3,D,2059,2058
Indamin,20070822,2017,2019,2017,2019,20190190,10010,2,D,2058,2019
Indamin,20070826,1979,1979,1979,1979,21962942,11098,5,D,2019,1979
Indamin,20070827,1940,1945,1940,1945,17733590,9141,5,D,1979,1945
Indamin,20070828,1910,1917,1907,1917,14693598,7705,5,D,1945,1917
Indamin,20070901,1917,1950,1917,1918,20164180,10510,3,D,1917,1918
Indamin,20070902,1956,1956,1920,1920,830940,425,2,D,1918,1920
Indamin,20070903,1958,1958,1882,1895,109894714,57968,12,D,1920,1895
Indamin,20070904,1871,1880,1871,1880,12467292,6658,4,D,1895,1880
Indamin,20070905,1917,1917,1905,1905,13418880,7000,3,D,1880,1905
Indamin,20070909,1943,1943,1942,1942,19449420,10010,2,D,1905,1942
Indamin,20070910,1980,1980,1978,1979,37243750,18812,5,D,1942,1979
Indamin,20070911,2018,2018,1994,1994,8091940,4010,3,D,1979,1994
Indamin,20070915,1955,1975,1955,1975,9876860,5052,2,D,1994,1975
Indamin,20070919,1977,1977,1975,1975,3488095,1765,2,D,1975,1975
Indamin,20070922,1975,1975,1975,1975,898625,455,1,D,1975,1975
Indamin,20070923,1975,1975,1975,1975,7900000,4000,2,D,1975,1975
Indamin,20070929,1936,1972,1936,1972,1357496,701,2,D,1975,1972
Indamin,20071002,1933,1961,1933,1961,5818610,3010,2,D,1972,1961
Indamin,20071006,1922,1924,1922,1924,19239240,10010,2,D,1961,1924
Indamin,20071008,1886,1962,1886,1939,66034115,34044,10,D,1924,1939
Indamin,20071014,1901,1927,1901,1927,6446551,3391,2,D,1939,1927
Indamin,20071016,1927,1927,1889,1924,40684365,21135,10,D,1927,1924
Indamin,20071017,1923,1923,1886,1901,18587985,9785,7,D,1924,1901
Indamin,20071021,1863,1863,1863,1863,22607505,12135,3,D,1901,1863
Indamin,20071022,1826,1826,1826,1826,58859284,32234,5,D,1863,1826
Indamin,20071024,1826,1826,1826,1826,10032044,5494,1,D,1826,1826
Indamin,20071027,1790,1790,1790,1790,21480000,12000,2,D,1826,1790
Indamin,20071028,1755,1756,1755,1756,17567560,10010,4,D,1790,1756
Indamin,20071029,1721,1721,1721,1721,85860690,49890,16,D,1756,1721
Indamin,20071030,1687,1688,1687,1688,16886880,10010,3,D,1721,1688
Indamin,20071031,1688,1688,1655,1665,15019025,9035,4,D,1688,1665
Indamin,20071110,1670,1670,1665,1665,1686650,1010,2,D,1665,1665
Indamin,20071112,1665,1698,1665,1697,30768170,18125,9,D,1665,1697
Indamin,20071114,1700,1730,1700,1719,16999750,9882,3,D,1697,1719
Indamin,20071117,1753,1753,1753,1753,60012202,34234,7,D,1719,1753
Indamin,20071118,1788,1788,1788,1788,18775788,10501,4,D,1753,1788
Indamin,20071119,1823,1823,1791,1791,1840910,1010,2,D,1788,1791
Indamin,20071120,1826,1826,1825,1825,18278250,10010,4,D,1791,1825
Indamin,20071121,1861,1861,1851,1851,13976010,7510,8,D,1825,1851
Indamin,20071124,1888,1888,1868,1868,9251000,4900,2,D,1851,1868
Indamin,20071126,1868,1868,1868,1868,76864464,41148,6,D,1868,1868
Indamin,20071127,1868,1868,1868,1868,1868000,1000,1,D,1868,1868
Indamin,20071201,1868,1868,1868,1868,9340000,5000,1,D,1868,1868
Indamin,20071203,1831,1832,1831,1832,18328320,10010,4,D,1868,1832
Indamin,20071204,1796,1796,1796,1796,19113032,10642,3,D,1832,1796
Indamin,20071209,1831,1831,1813,1813,9173130,5010,2,D,1796,1813
Indamin,20071216,1849,1849,1848,1848,18508480,10010,2,D,1813,1848
Indamin,20071219,1884,1884,1858,1858,5550004,2946,3,D,1848,1858
Indamin,20071222,1895,1895,1895,1895,98426300,51940,10,D,1858,1895
Indamin,20071224,1932,1932,1895,1900,60987206,32086,10,D,1895,1900
Indamin,20071225,1938,1938,1938,1938,20155200,10400,2,D,1900,1938
Indamin,20071226,1976,1976,1976,1976,35350640,17890,3,D,1938,1976
Indamin,20071230,2015,2015,2015,2015,20956000,10400,2,D,1976,2015
Indamin,20071231,2055,2055,2053,2053,20570530,10010,2,D,2015,2053
Indamin,20080101,2055,2094,2055,2062,14278120,6910,3,D,2053,2062
Indamin,20080102,2103,2103,2066,2066,2123660,1010,3,D,2062,2066
Indamin,20080106,2107,2107,2068,2068,1145818,544,2,D,2066,2068
Indamin,20080112,2108,2108,2087,2087,10560870,5010,3,D,2068,2087
Indamin,20080115,2128,2128,2124,2124,20035080,9415,3,D,2087,2124
Indamin,20080116,2166,2166,2140,2140,8685400,4010,2,D,2124,2140
Indamin,20080120,2182,2182,2144,2144,2203440,1010,2,D,2140,2144
Indamin,20080121,2186,2186,2145,2145,530788,243,2,D,2144,2145
Indamin,20080122,2186,2187,2103,2128,66254713,31125,11,D,2145,2128
Indamin,20080127,2086,2102,2086,2102,13496580,6470,2,D,2128,2102
Indamin,20080129,2099,2102,2099,2102,608740,290,3,D,2102,2102
Indamin,20080130,2080,2080,2060,2065,19403550,9412,5,D,2102,2065
Indamin,20080203,2065,2065,2065,2065,479080,232,1,D,2065,2065
Indamin,20080204,2025,2065,2024,2048,80428608,39263,8,D,2065,2048
Indamin,20080223,2048,2048,2046,2047,20520930,10020,3,D,2048,2047
Indamin,20080227,2078,2087,2047,2072,65319343,31519,8,D,2047,2072
Indamin,20080301,2032,2068,2032,2068,2012040,990,2,D,2072,2068
Indamin,20080302,2070,2088,2070,2087,209855870,100510,21,D,2068,2087
Indamin,20080303,2107,2107,2107,2107,210700000,100000,10,D,2087,2107
Indamin,20080304,2107,2128,2107,2127,263125872,123657,27,D,2107,2127
Indamin,20080305,2127,2169,2127,2164,421082506,194524,22,D,2127,2164
Indamin,20080309,2207,2207,2207,2207,132420000,60000,9,D,2164,2207
Indamin,20080310,2251,2251,2227,2227,10784301,4791,4,D,2207,2227
Indamin,20080312,2271,2271,2265,2265,20629704,9084,3,D,2227,2265
Indamin,20080315,2310,2310,2300,2309,165720740,71757,15,D,2265,2309
Indamin,20080316,2335,2335,2310,2315,22649829,9783,4,D,2309,2315
Indamin,20080318,2361,2361,2319,2319,2384190,1010,2,D,2315,2319
Indamin,20080324,2365,2365,2363,2363,23673630,10010,2,D,2319,2363
Indamin,20080405,2410,2410,2389,2389,13982610,5802,3,D,2363,2389
Indamin,20080406,2389,2436,2389,2410,26655161,11059,4,D,2389,2410
Indamin,20080409,2458,2458,2362,2404,54442452,22644,9,D,2410,2404
Indamin,20080413,2356,2358,2356,2358,23583580,10010,2,D,2404,2358
Indamin,20080414,2311,2335,2311,2335,11578350,5010,2,D,2358,2335
Indamin,20080415,2289,2289,2289,2289,38189676,16684,4,D,2335,2289
Indamin,20080416,2334,2334,2334,2334,26140800,11200,2,D,2289,2334
Indamin,20080420,2334,2334,2334,2334,116700,50,1,D,2334,2334
Indamin,20080423,2334,2334,2334,2334,27898302,11953,3,D,2334,2334
Indamin,20080426,2334,2334,2334,2334,23340000,10000,1,D,2334,2334
Indamin,20080428,2379,2380,2379,2379,451174790,189570,6,D,2334,2379
Indamin,20080504,2426,2426,2404,2404,1226451950,505545,3,D,2379,2404
Indamin,20080506,2452,2452,2419,2419,7890206,3218,6,D,2404,2419
Indamin,20080507,2452,2452,2422,2422,1966204,802,2,D,2419,2422
Indamin,20080511,2450,2450,2450,2450,49102900,20042,6,D,2422,2450
Indamin,20080512,2450,2450,2450,2450,14700000,6000,3,D,2450,2450
Indamin,20080514,2423,2423,2423,2423,28928197,11939,3,D,2450,2423
Indamin,20080521,2423,2423,2423,2423,24230,10,1,D,2423,2423
Indamin,20080524,2423,2423,2423,2423,490924030,202610,7,D,2423,2423
Indamin,20080525,2360,2411,2360,2411,4746470,2011,3,D,2423,2411
Indamin,20080526,2339,2411,2339,2408,50246675,20866,5,D,2411,2408
Indamin,20080527,2408,2408,2380,2404,24073240,10010,6,D,2408,2404
Indamin,20080609,1900,1900,1900,1900,19000000,10000,1,D,2404,1900
Indamin,20080614,1957,1957,1957,1957,78280000,40000,4,D,1900,1957
Indamin,20080615,1957,2015,1957,2010,259929300,129290,15,D,1957,2010
Indamin,20080616,2070,2070,2070,2070,34465500,16650,4,D,2010,2070
Indamin,20080617,2132,2132,2089,2089,6826234,3202,3,D,2070,2089
Indamin,20080623,2087,2089,2087,2088,13608270,6520,3,D,2089,2088
Indamin,20080629,2026,2069,2026,2049,131184888,64010,16,D,2088,2049
Indamin,20080630,1988,2049,1988,2049,54286,27,3,D,2049,2049
Indamin,20080702,1988,2100,1988,2069,15974506,7692,4,D,2049,2069
Indamin,20080728,2007,2007,2007,2007,24084000,12000,2,D,2069,2007
Indamin,20080729,1947,2058,1947,2015,54246252,26911,10,D,2007,2015
Indamin,20080804,1955,2012,1955,2012,997620,510,2,D,2015,2012
Indamin,20080805,2012,2012,2012,2012,965760,480,1,D,2012,2012
Indamin,20080806,1952,2000,1952,2000,4197280,2150,3,D,2012,2000
Indamin,20080831,1940,1983,1940,1983,5839830,3010,2,D,2000,1983
Indamin,20080901,1980,1983,1980,1983,118830,60,2,D,1983,1983
Indamin,20080907,1924,1965,1924,1965,6124502,3183,3,D,1983,1965
Indamin,20080908,1907,1945,1907,1945,6699671,3513,2,D,1965,1945
Indamin,20080913,1950,1950,1947,1947,9968370,5112,3,D,1945,1947
Indamin,20080929,1889,1924,1889,1924,7764140,4110,2,D,1947,1924
Indamin,20080930,1889,1922,1889,1922,1029835,545,2,D,1924,1922
Indamin,20081004,1947,1950,1923,1923,1012368,520,3,D,1922,1923
Indamin,20081006,1950,1950,1939,1939,11945590,6126,2,D,1923,1939
Indamin,20081012,1891,1933,1891,1933,2600545,1375,3,D,1939,1933
Indamin,20081013,1876,1927,1876,1927,2148530,1145,2,D,1933,1927
Indamin,20081020,1927,1927,1927,1927,20002260,10380,2,D,1927,1927
Indamin,20081026,1927,1927,1927,1927,96350,50,1,D,1927,1927
Indamin,20081029,1900,1900,1900,1900,57000000,30000,3,D,1927,1900
Indamin,20081103,1843,1856,1843,1856,14762560,8010,2,D,1900,1856
Indamin,20081104,1830,1844,1830,1844,9168440,5010,2,D,1856,1844
Indamin,20081105,1789,1899,1789,1892,35969680,19010,4,D,1844,1892
Indamin,20081110,1899,1900,1899,1899,41896748,22052,4,D,1892,1899
Indamin,20081119,1899,1899,1899,1899,3798,2,1,D,1899,1899
Indamin,20081129,1866,1892,1865,1892,3749453,2010,4,D,1899,1892
Indamin,20090505,1100,1100,1100,1100,1100000,1000,1,D,1386,1100
Indamin,20090513,1133,1133,1133,1100,31724,28,1,D,1100,1133
Indamin,20090518,1133,1133,1133,1133,22660000,20000,4,D,1100,1133
Indamin,20090524,1150,1150,1150,1139,4467750,3885,1,D,1133,1150
Indamin,20090525,1150,1150,1150,1144,4973750,4325,1,D,1139,1150
Indamin,20090526,1150,1150,1150,1144,655500,570,1,D,1144,1150
Indamin,20090527,1178,1178,1178,1160,5890000,5000,4,D,1144,1178
Indamin,20090603,1194,1194,1194,1193,11940000,10000,1,D,1160,1194
Indamin,20090606,1228,1228,1228,1228,80441368,65506,15,D,1193,1228
Indamin,20090607,1264,1264,1264,1264,32232000,25500,3,D,1228,1264
Indamin,20090608,1301,1301,1301,1301,14115850,10850,3,D,1264,1301
Indamin,20090609,1340,1340,1340,1340,110324880,82332,20,D,1301,1340
Indamin,20090616,1380,1380,1380,1367,22356000,16200,5,D,1340,1380
Indamin,20090617,1408,1408,1408,1367,140800,100,1,D,1367,1408
Indamin,20090620,1408,1408,1408,1372,1689600,1200,1,D,1367,1408
Indamin,20090805,1378,1379,1378,1379,5133917,3723,3,D,1222,1379
Indamin,20090808,1378,1378,1378,1379,13780,10,1,D,1379,1378
Indamin,20090809,1378,1378,1378,1379,723450,525,1,D,1379,1378
Indamin,20090818,1338,1338,1338,1377,1590882,1189,2,D,1379,1338
Indamin,20090819,1336,1336,1336,1363,10714720,8020,5,D,1377,1336
Indamin,20090824,1335,1338,1335,1361,2671382,2000,4,D,1363,1338
Indamin,20090831,1323,1323,1323,1360,977697,739,1,D,1361,1323
Indamin,20090902,1320,1323,1320,1358,1631529,1236,4,D,1360,1323
Indamin,20090915,1318,1318,1318,1358,131800,100,1,D,1358,1318
Indamin,20090916,1318,1318,1318,1357,774984,588,1,D,1358,1318
Indamin,20090919,1317,1317,1317,1356,658500,500,1,D,1357,1317
Indamin,20090927,1316,1316,1316,1356,13160,10,1,D,1356,1316
Indamin,20090928,1316,1316,1316,1356,13160,10,1,D,1356,1316
Indamin,20090930,1316,1316,1316,1355,700112,532,2,D,1356,1316
Indamin,20091003,1315,1315,1315,1352,2000115,1521,1,D,1355,1315
Indamin,20091005,1312,1312,1312,1330,17056000,13000,3,D,1352,1312
Indamin,20091006,1291,1291,1291,1329,977287,757,1,D,1330,1291
Indamin,20091007,1290,1290,1290,1327,1290000,1000,1,D,1329,1290
Indamin,20091010,1288,1288,1288,1324,2588880,2010,3,D,1327,1288
Indamin,20091011,1285,1291,1285,1286,189642087,147444,39,D,1324,1291
Indamin,20091012,1292,1300,1262,1291,139287194,107872,25,D,1286,1262
Indamin,20091017,1329,1329,1329,1327,30104508,22652,5,D,1291,1329
Indamin,20091018,1288,1289,1288,1303,19703520,15290,4,D,1327,1288
Indamin,20091019,1264,1264,1264,1299,3425440,2710,1,D,1303,1264
Indamin,20091025,1280,1280,1261,1268,56564154,44604,11,D,1299,1261
Indamin,20091026,1250,1250,1231,1236,28732033,23266,8,D,1268,1232
Indamin,20091027,1273,1273,1273,1240,2983912,2344,1,D,1236,1273
Indamin,20091028,1273,1277,1273,1268,22947707,17971,5,D,1240,1277
Indamin,20091031,1306,1306,1306,1306,102466148,78458,21,D,1268,1306
Indamin,20091101,1306,1345,1306,1339,89992823,67201,16,D,1306,1345
Indamin,20091102,1379,1379,1360,1363,23210100,16900,6,D,1339,1360
Indamin,20091103,1350,1365,1323,1334,71066776,53268,9,D,1363,1330
Indamin,20091104,1360,1360,1335,1334,2261150,1690,2,D,1334,1335
Indamin,20091107,1380,1380,1380,1334,276000,200,2,D,1334,1380
Indamin,20091109,1370,1370,1370,1334,411000,300,1,D,1334,1370
Indamin,20091110,1288,1288,1288,1315,12880000,10000,2,D,1334,1288
Indamin,20091115,1269,1269,1269,1308,4951638,3902,2,D,1315,1269
Indamin,20091116,1263,1269,1263,1294,9820398,7770,3,D,1308,1263
Indamin,20091117,1249,1249,1249,1294,48711,39,1,D,1294,1249
Indamin,20091118,1249,1249,1249,1249,46636411,37339,3,D,1294,1249
Indamin,20091121,1240,1240,1220,1244,6024220,4924,2,D,1249,1220
Indamin,20091122,1201,1201,1201,1223,13840324,11524,3,D,1244,1201
Indamin,20091123,1181,1181,1181,1205,11810000,10000,2,D,1223,1181
Indamin,20091124,1170,1201,1170,1203,4726660,3960,3,D,1205,1201
Indamin,20091125,1201,1201,1201,1203,48040,40,1,D,1203,1201
Indamin,20091130,1245,1245,1244,1237,24344270,19554,3,D,1203,1245
Indamin,20091201,1280,1280,1279,1276,28457200,22240,7,D,1237,1280
Indamin,20100116,1232,1232,1232,1272,2822512,2291,2,D,1276,1232
Indamin,20100117,1228,1228,1228,1269,1997956,1627,3,D,1272,1228
Indamin,20100118,1267,1267,1267,1269,25340,20,2,D,1269,1267
Indamin,20100119,1226,1226,1226,1265,3000022,2447,1,D,1269,1226
Indamin,20100208,1221,1221,1221,1261,2442000,2000,1,D,1265,1221
Indamin,20100216,1217,1217,1217,1259,1423890,1170,1,D,1261,1217
Indamin,20100217,1217,1217,1215,1242,11305945,9299,3,D,1259,1215
Indamin,20100220,1199,1199,1199,1240,1199000,1000,1,D,1242,1199
Indamin,20100221,1197,1200,1197,1198,122160769,101977,14,D,1240,1197
Indamin,20100224,1180,1180,1180,1196,2784800,2360,2,D,1198,1180
Indamin,20100227,1221,1221,1221,1197,978021,801,1,D,1196,1221
Indamin,20100228,1200,1200,1200,1197,3168000,2640,1,D,1197,1200
Indamin,20100301,1190,1219,1190,1192,24674485,20715,2,D,1197,1219
Indamin,20100303,1190,1190,1190,1191,19754000,16600,4,D,1192,1190
Indamin,20100307,1171,1171,1171,1187,5035300,4300,2,D,1191,1171
Indamin,20100308,1150,1150,1150,1186,808450,703,1,D,1187,1150
Indamin,20100310,1195,1195,1195,1190,11950000,10000,2,D,1186,1195
Indamin,20100313,1195,1231,1195,1215,103188250,84925,8,D,1190,1231
Indamin,20100314,1257,1257,1257,1250,25140000,20000,1,D,1215,1257
Indamin,20100315,1293,1293,1293,1293,45351975,35075,6,D,1250,1293
Indamin,20100317,1250,1250,1250,1293,22500,18,1,D,1293,1250
Indamin,20100410,1248,1248,1248,1284,5719584,4583,2,D,1293,1248
Indamin,20100411,1250,1250,1240,1265,13286000,10700,5,D,1284,1240
Indamin,20100412,1223,1223,1222,1246,13348291,10917,4,D,1265,1222
Indamin,20100413,1203,1203,1203,1239,4727790,3930,1,D,1246,1203
Indamin,20100609,1196,1196,1196,1239,11960,10,1,D,1239,1196
Indamin,20100704,1190,1190,1190,1239,119000,100,1,D,1239,1190
Indamin,20100705,1190,1190,1190,1239,11900,10,1,D,1239,1190
Indamin,20100706,1190,1190,1190,1216,13530300,11370,3,D,1239,1190
Indamin,20100713,761,791,761,771,2313000,3000,2,D,1216,791
Indamin,20100717,801,801,801,776,3204000,4000,1,D,771,801
Indamin,20100721,807,807,807,779,1706805,2115,3,D,776,807
Indamin,20100724,810,810,810,787,4860000,6000,1,D,779,810
Indamin,20100725,818,818,818,788,395912,484,1,D,787,818
Indamin,20100728,819,819,819,791,2006550,2450,1,D,788,819
Indamin,20100731,822,822,822,806,9864000,12000,7,D,791,822
Indamin,20100801,838,838,838,811,3142500,3750,2,D,806,838
Indamin,20100807,843,843,843,813,1304121,1547,1,D,811,843
Indamin,20100816,845,845,845,845,84500,100,1,D,813,845
Indamin,20100817,878,878,878,878,87800,100,1,D,845,878
Indamin,20100818,913,913,913,913,91300,100,1,D,878,913
Indamin,20100821,949,949,949,949,94900,100,1,D,913,949
Indamin,20100822,986,986,986,986,49300,50,1,D,949,986
Indamin,20100823,1025,1025,1025,1025,153750,150,1,D,986,1025
Indamin,20100824,1066,1066,1066,1066,100204000,94000,19,D,1025,1066
Indamin,20100828,1108,1108,1108,1104,24188748,21831,3,D,1066,1108
Indamin,20100829,1148,1148,1148,1119,9456076,8237,3,D,1104,1148
Indamin,20100830,1163,1163,1163,1128,5815000,5000,2,D,1119,1163
Indamin,20100831,1173,1173,1173,1145,10496004,8948,5,D,1128,1173
Indamin,20100904,1190,1190,1190,1173,17685780,14862,6,D,1145,1190
Indamin,20100905,1219,1219,1200,1187,13274570,11030,3,D,1173,1200
Indamin,20100906,1217,1218,1200,1202,17886308,14762,5,D,1187,1218
Indamin,20100907,1210,1210,1210,1202,1046650,865,2,D,1202,1210
Indamin,20100913,1250,1250,1250,1222,12500000,10000,2,D,1202,1250
Indamin,20100914,1269,1270,1269,1270,83463734,65728,20,D,1222,1270
Indamin,20100915,1250,1250,1250,1264,9308750,7447,8,D,1270,1250
Indamin,20100920,1214,1214,1214,1254,6070000,5000,3,D,1264,1214
Indamin,20100921,1204,1204,1204,1251,1926400,1600,1,D,1254,1204
Indamin,20100922,1237,1237,1201,1240,10989000,9000,3,D,1251,1201
Indamin,20100927,1191,1191,1191,1231,5051031,4241,1,D,1240,1191
Indamin,20100929,1191,1191,1182,1186,30160080,25440,4,D,1231,1182
Indamin,20101002,1139,1139,1139,1182,2278000,2000,1,D,1186,1139
Indamin,20101003,1135,1135,1135,1181,544800,480,1,D,1182,1135
Indamin,20101006,1181,1181,1136,1175,9127560,7845,4,D,1181,1136
Indamin,20101009,1136,1136,1135,1159,11356080,10000,3,D,1175,1135
Indamin,20101013,1135,1135,1135,1153,6900800,6080,1,D,1159,1135
Indamin,20110129,1107,1107,1107,1151,1043901,943,1,D,1153,1107
Indamin,20110305,1105,1105,1105,1149,1105000,1000,1,D,1151,1105
Indamin,20110410,1104,1104,1104,1139,5712096,5174,2,D,1149,1104
Indamin,20110411,1094,1094,1094,1134,2984432,2728,3,D,1139,1094
Indamin,20110419,1089,1104,1089,1093,27336255,25000,9,D,1134,1104
Indamin,20110420,1051,1051,1050,1062,18008158,17147,4,D,1093,1051
Indamin,20110423,1020,1021,1020,1055,4389321,4301,3,D,1062,1021
Indamin,20110424,1021,1021,1021,1051,2622949,2569,2,D,1055,1021
Indamin,20110425,1009,1009,1009,1037,8037694,7966,2,D,1051,1009
Indamin,20110426,996,996,996,1012,14336424,14394,5,D,1037,996
Indamin,20110501,996,996,996,1025,7086540,7115,3,D,1037,996
Indamin,20110502,985,985,985,1019,3485915,3539,1,D,1025,985
Indamin,20110515,1000,1000,1000,1018,1215000,1215,1,D,1019,1000
Indamin,20110516,1008,1008,1008,1018,1008000,1000,1,D,1018,1008
Indamin,20110517,978,978,978,1018,19560,20,1,D,1018,978
Indamin,20110606,1008,1008,1008,1018,50400,50,1,D,1018,1008
Indamin,20110622,1018,1018,1018,1018,1018000,1000,2,D,1018,1018
Indamin,20110627,978,978,978,1010,4762860,4870,1,D,1018,978
Indamin,20111203,970,970,970,1010,97000,100,1,D,1010,970
Indamin,20111217,970,970,970,1008,970000,1000,2,D,1010,970
Indamin,20120116,968,968,968,1008,48400,50,1,D,1008,968
Indamin,20120117,968,968,968,1007,387200,400,1,D,1008,968
Indamin,20120121,967,968,967,969,22347204,23090,6,D,1007,968
Indamin,20120125,1007,1007,1007,972,2183176,2168,1,D,969,1007
Indamin,20120130,1010,1010,1010,980,5050000,5000,1,D,972,1010
Indamin,20120131,1007,1007,1007,991,10070000,10000,1,D,980,1007
Indamin,20120201,1003,1003,1003,991,100300,100,1,D,991,1003
Indamin,20120204,1004,1008,1004,996,8139288,8104,4,D,991,1008
Indamin,20120207,957,957,957,996,14355,15,1,D,996,957
Indamin,20120208,957,957,957,995,679470,710,3,D,996,957
Indamin,20120213,956,1034,956,984,27237664,27669,10,D,995,1034
Indamin,20120222,1047,1048,1047,1047,15648501,14945,7,D,984,1048
Indamin,20120225,1088,1088,1006,1070,32263252,30140,16,D,1047,1006
Indamin,20120227,1080,1080,1028,1070,1154560,1070,3,D,1070,1028
Indamin,20120228,1028,1028,1028,1028,30840000,30000,1,D,1070,1028
Indamin,20120229,1028,1028,987,998,22200295,22285,8,D,1028,987
Indamin,20120304,1028,1028,1028,1018,16448000,16000,1,D,998,1028
Indamin,20120310,1018,1018,978,991,16055200,16400,3,D,1018,978
Indamin,20120311,980,980,980,990,2116800,2160,1,D,991,980
Indamin,20120312,953,953,951,988,1428500,1500,2,D,990,951
Indamin,20120317,988,988,988,988,267748,271,1,D,988,988
Indamin,20120318,949,949,949,983,2952339,3111,4,D,988,949
Indamin,20120326,944,944,944,958,14806640,15685,5,D,983,944
Indamin,20120328,920,920,920,920,22765400,24745,5,D,958,920
Indamin,20120404,884,884,884,918,1351636,1529,1,D,920,884
Indamin,20120409,920,920,902,918,36440,40,2,D,918,902
Indamin,20120410,921,921,919,918,73580,80,4,D,918,919
Indamin,20120411,950,950,911,918,279150,300,4,D,918,911
Indamin,20120416,890,890,890,909,6544170,7353,1,D,918,890
Indamin,20120417,876,876,876,906,1734480,1980,1,D,909,876
Indamin,20120418,872,872,872,903,1726560,1980,1,D,906,872
Indamin,20120421,939,939,939,913,6270642,6678,2,D,903,939
Indamin,20120423,949,949,949,943,18979051,19999,2,D,913,949
Indamin,20120424,980,980,980,955,7390180,7541,3,D,943,980
Indamin,20120428,993,993,993,993,24182529,24353,10,D,955,993
Indamin,20120429,1032,1032,1032,1032,73745688,71459,12,D,993,1032
Indamin,20120430,1073,1073,1073,1070,24033054,22398,4,D,1032,1073
Indamin,20120501,1112,1112,1112,1089,12255352,11021,2,D,1070,1112
Indamin,20120502,1132,1132,1132,1089,113200,100,1,D,1089,1132
Indamin,20120505,1132,1132,1132,1132,43511816,38438,2,D,1089,1132
Indamin,20120506,1177,1177,1177,1177,42372000,36000,3,D,1132,1177
Indamin,20120507,1224,1224,1224,1216,24480000,20000,2,D,1177,1224
Indamin,20120508,1224,1224,1223,1224,117563476,96049,10,D,1216,1224
Indamin,20120509,1223,1223,1223,1223,19881088,16256,1,D,1224,1223
Indamin,20120513,1175,1175,1175,1187,21068925,17931,6,D,1223,1175
Indamin,20120514,1140,1140,1140,1183,2280000,2000,2,D,1187,1140
Indamin,20120516,1136,1136,1136,1163,11360000,10000,1,D,1183,1136
Indamin,20120519,1117,1117,1117,1144,10995748,9844,2,D,1163,1117
Indamin,20120521,1099,1099,1099,1118,15386000,14000,3,D,1144,1099
Indamin,20120522,1074,1074,1074,1074,37442862,34863,7,D,1118,1074
Indamin,20120523,1032,1074,1032,1037,221890693,213900,21,D,1074,1071
Indamin,20120526,1078,1078,1077,1078,28121388,26096,6,D,1037,1077
Indamin,20120527,1099,1099,1035,1077,390290,374,3,D,1078,1035
Indamin,20120606,1034,1034,1034,1073,2068000,2000,2,D,1077,1034
Indamin,20120616,1031,1031,1031,1073,61860,60,1,D,1073,1031
Indamin,20120630,1031,1031,1031,1073,216510,210,4,D,1073,1031
Indamin,20120710,1031,1031,1031,1073,1031,1,1,D,1073,1031
Indamin,20120724,1031,1031,1031,1073,10310,10,1,D,1073,1031
Indamin,20120811,1031,1031,1031,1065,4974575,4825,2,D,1073,1031
Indamin,20120903,1023,1023,1023,1065,20460,20,2,D,1065,1023
Indamin,20120926,1023,1023,1023,1065,306900,300,1,D,1065,1023
Indamin,20120929,1023,1023,1023,1064,1023000,1000,1,D,1065,1023
Indamin,20121009,1022,1022,1022,1063,1022000,1000,2,D,1064,1022
Indamin,20121119,1021,1021,1021,1063,10210,10,1,D,1063,1021
Indamin,20121128,1021,1021,1021,1063,664671,651,1,D,1063,1021
Indamin,20121225,1021,1021,1021,1062,1212948,1188,1,D,1063,1021
Indamin,20130120,1020,1020,1020,1062,153000,150,1,D,1062,1020
Indamin,20130205,1020,1020,1020,1060,4080000,4000,1,D,1062,1020
Indamin,20130216,1018,1018,1018,1058,4000740,3930,1,D,1060,1018
Indamin,20130313,1016,1016,1016,1057,1016000,1000,1,D,1058,1016
Indamin,20130406,1015,1015,1015,1057,406000,400,1,D,1057,1015
Indamin,20130415,1015,1015,1015,1057,1015,1,1,D,1057,1015
Indamin,20130518,1015,1015,1015,1052,10454500,10300,3,D,1057,1015
Indamin,20130522,1010,1010,1010,1052,15150,15,1,D,1052,1010
Indamin,20130526,1010,1010,1010,1052,117160,116,3,D,1052,1010
Indamin,20130527,1010,1010,1010,1052,20200,20,2,D,1052,1010
Indamin,20130528,1010,1010,1010,1052,101000,100,1,D,1052,1010
Indamin,20130630,1010,1085,1010,1012,218728461,216067,30,D,1052,1085
Indamin,20130701,1052,1052,1040,1049,162616088,154951,67,D,1012,1052
Indamin,20130702,1089,1090,1089,1089,110621162,101566,25,D,1049,1089
Indamin,20130703,1129,1130,1080,1102,62966528,56888,35,D,1089,1130
Indamin,20130706,1146,1146,1145,1146,91137110,79535,20,D,1102,1146
Indamin,20130707,1191,1191,1190,1191,105292688,88418,32,D,1146,1191
Indamin,20130708,1144,1238,1144,1164,87380580,75178,21,D,1191,1214
Indamin,20130709,1210,1210,1210,1166,4961000,4100,6,D,1164,1210
Indamin,20130710,1212,1212,1120,1171,18757572,15738,15,D,1166,1200
Indamin,20130713,1185,1185,1125,1171,155310,138,2,D,1171,1125
Indamin,20130715,1214,1217,1214,1181,20670786,17000,13,D,1171,1217
Indamin,20130716,1134,1134,1134,1180,1046682,923,2,D,1181,1134
Indamin,20130717,1133,1133,1133,1173,13120140,11580,6,D,1180,1133
Indamin,20130720,1127,1127,1127,1163,19271700,17100,3,D,1173,1127
Indamin,20130721,1117,1120,1117,1133,58065777,51981,16,D,1163,1120
Indamin,20130722,1120,1178,1120,1172,122853010,104861,45,D,1133,1160
Indamin,20130723,1177,1218,1155,1207,331960944,275083,24,D,1172,1218
Indamin,20130724,1195,1255,1160,1210,21588710,17686,8,D,1207,1255
Indamin,20130727,1255,1255,1162,1215,36088150,29515,6,D,1210,1162
Indamin,20130728,1167,1167,1167,1214,2265147,1941,1,D,1215,1167
Indamin,20130729,1166,1166,1166,1204,19240166,16501,14,D,1214,1166
Indamin,20130731,1156,1210,1156,1161,94061132,81022,47,D,1204,1161
Indamin,20130803,1161,1174,1161,1161,93752050,80750,25,D,1161,1161
Indamin,20130804,1199,1199,1130,1153,37929710,33192,8,D,1161,1130
Indamin,20130805,1120,1186,1107,1130,49857844,44818,15,D,1153,1186
Indamin,20130806,1175,1175,1173,1175,158069755,134559,20,D,1130,1175
Indamin,20130807,1221,1222,1210,1222,448392195,367076,49,D,1175,1222
Indamin,20130811,1270,1270,1269,1270,215152250,169415,33,D,1222,1270
Indamin,20130812,1320,1320,1221,1294,53500772,40586,11,D,1270,1221
Indamin,20130813,1337,1337,1245,1275,171177138,134207,24,D,1294,1290
Indamin,20130814,1245,1320,1245,1282,51554300,40020,25,D,1275,1270
Indamin,20130817,1250,1298,1231,1265,103288099,81670,27,D,1282,1231
Indamin,20130818,1287,1287,1260,1265,127350,100,2,D,1265,1260
Indamin,20130819,1263,1263,1215,1256,17802572,14616,12,D,1265,1215
Indamin,20130820,1206,1206,1206,1254,2917314,2419,3,D,1256,1206
Indamin,20130821,1278,1278,1204,1241,26909656,22279,10,D,1254,1204
Indamin,20130824,1200,1200,1192,1228,29507200,24600,4,D,1241,1200
Indamin,20130825,1250,1250,1250,1228,52500,42,1,D,1228,1250
Indamin,20130826,1228,1228,1228,1228,139303092,113439,24,D,1228,1228
Indamin,20130827,1276,1276,1228,1228,2028600,1650,2,D,1228,1228
Indamin,20130828,1268,1269,1180,1220,22000730,18462,12,D,1228,1180
Indamin,20130831,1172,1172,1172,1220,648116,553,2,D,1220,1172
Indamin,20130903,1250,1250,1172,1219,2992500,2550,2,D,1220,1172
Indamin,20130908,1171,1171,1171,1219,58550,50,1,D,1219,1171
Indamin,20130909,1171,1171,1171,1217,4200377,3587,1,D,1219,1171
Indamin,20130911,1169,1169,1169,1216,2338000,2000,2,D,1217,1169
Indamin,20130918,1168,1248,1168,1198,55477503,46818,22,D,1216,1247
Indamin,20130921,1245,1245,1240,1220,45625015,36647,29,D,1198,1245
Indamin,20130922,1250,1268,1250,1264,96974360,76595,17,D,1220,1268
Indamin,20130923,1314,1314,1312,1307,92179484,70181,10,D,1264,1314
Indamin,20130924,1255,1359,1255,1307,2446402,1878,5,D,1307,1359
Indamin,20130925,1261,1261,1255,1296,22928891,18221,2,D,1307,1255
Indamin,20130928,1246,1340,1245,1252,125076690,99881,20,D,1296,1250
Indamin,20130929,1252,1252,1206,1242,28401883,23350,6,D,1252,1206
Indamin,20130930,1207,1280,1206,1242,51117150,41137,9,D,1242,1208
Indamin,20131001,1289,1290,1197,1243,17745198,14210,10,D,1242,1197
Indamin,20131002,1196,1197,1196,1231,23925000,20000,4,D,1243,1196
Indamin,20131005,1279,1279,1182,1204,62362012,52425,20,D,1231,1182
Indamin,20131006,1200,1220,1199,1204,11059599,9202,9,D,1204,1220
Indamin,20131009,1210,1230,1159,1201,6031019,5191,7,D,1204,1160
Indamin,20131012,1159,1160,1153,1163,79771992,68920,15,D,1201,1156
Indamin,20131013,1199,1199,1170,1168,59153850,50550,5,D,1163,1185
Indamin,20131014,1180,1184,1180,1168,2600800,2200,5,D,1168,1184
Indamin,20131015,1184,1184,1122,1167,2877914,2500,5,D,1168,1122
Indamin,20131019,1160,1213,1160,1197,74484030,61795,23,D,1167,1213
Indamin,20131020,1214,1230,1170,1218,68682651,55967,17,D,1197,1230
Indamin,20131021,1180,1181,1175,1204,34308477,29113,11,D,1218,1180
Indamin,20131022,1170,1252,1156,1197,111548990,93152,42,D,1204,1252
Indamin,20131026,1244,1244,1243,1220,48691354,39141,9,D,1197,1244
Indamin,20131027,1268,1268,1240,1254,79162418,62677,13,D,1220,1266
Indamin,20131028,1304,1304,1304,1304,127140000,97500,11,D,1254,1304
Indamin,20131029,1356,1356,1252,1342,287737100,214441,49,D,1304,1340
Indamin,20131030,1289,1310,1289,1299,119758244,92198,17,D,1342,1289
Indamin,20131102,1252,1253,1252,1296,6980000,5575,7,D,1299,1252
Indamin,20131104,1252,1252,1245,1294,3856200,3085,6,D,1296,1250
Indamin,20131105,1243,1243,1243,1290,8205043,6601,3,D,1294,1243
Indamin,20131106,1239,1239,1239,1290,123900,100,1,D,1290,1239
Indamin,20131109,1239,1310,1239,1246,244939397,196585,24,D,1290,1310
Indamin,20131110,1250,1295,1250,1282,93334510,72571,20,D,1246,1295
Indamin,20131111,1333,1333,1232,1283,10014292,7732,6,D,1282,1241
Indamin,20131116,1325,1334,1325,1331,209113045,157119,16,D,1283,1334
Indamin,20131117,1341,1384,1337,1381,446796276,323484,39,D,1331,1384
Indamin,20131118,1426,1436,1426,1436,1091328908,760103,68,D,1381,1436
Indamin,20131119,1493,1493,1493,1493,617265920,413440,17,D,1436,1493
Indamin,20131120,1552,1552,1552,1552,476293280,306890,21,D,1493,1552
Indamin,20131123,1614,1614,1613,1614,916023101,567568,42,D,1552,1614
Indamin,20131124,1678,1678,1678,1678,2268310332,1351794,98,D,1614,1678
Indamin,20131125,1745,1745,1712,1744,3238927560,1857028,198,D,1678,1745
Indamin,20131126,1813,1813,1700,1804,2398358414,1329450,203,D,1744,1813
Indamin,20131127,1800,1876,1742,1871,2734582924,1461821,129,D,1804,1876
Indamin,20131130,1945,1945,1944,1945,9540046005,4904909,297,D,1871,1945
Indamin,20131201,2022,2022,1901,1964,5822013080,2963886,157,D,1945,2000
Indamin,20131202,2040,2042,2013,2041,2557172231,1253176,130,D,1964,2042
Indamin,20131203,2122,2122,1965,2091,3824757343,1829498,210,D,2041,2001
Indamin,20131204,2150,2165,2008,2056,2735956029,1330702,111,D,2091,2130
Indamin,20131207,2120,2138,2120,2138,2310456512,1080914,158,D,2056,2138
Indamin,20131208,2223,2223,2223,2223,1174617639,528393,105,D,2138,2223
Indamin,20131209,2311,2311,2177,2296,2123577008,925084,128,D,2223,2311
Indamin,20131210,2387,2387,2387,2387,697309536,292128,29,D,2296,2387
Indamin,20131211,2482,2482,2482,2450,132211176,53268,9,D,2387,2482
Indamin,20131214,2500,2548,2431,2542,9957133248,3916349,215,D,2450,2548
Indamin,20131215,2643,2643,2643,2643,627598851,237457,22,D,2542,2643
Indamin,20131216,2748,2748,2730,2748,11031263080,4014771,283,D,2643,2748
Indamin,20131217,2857,2857,2752,2853,9182738392,3218652,282,D,2748,2857
Indamin,20131218,2960,2967,2900,2966,16946852905,5714402,398,D,2853,2967
Indamin,20131221,3084,3084,2848,3083,9519922177,3087712,270,D,2966,3084
Indamin,20131222,3206,3206,3028,3155,10354861097,3282071,390,D,3083,3028
Indamin,20131224,3120,3120,3029,3031,9142061753,3016148,277,D,3155,3029
Indamin,20131225,3030,3130,2910,2962,3975710107,1342328,174,D,3031,2910
Indamin,20131228,2865,3078,2860,2957,4946295624,1672896,214,D,2962,2871
Indamin,20131229,2860,2989,2839,2882,7930545598,2751777,302,D,2957,2965
Indamin,20131230,2995,2997,2860,2995,12229295052,4082644,297,D,2882,2997
Indamin,20140101,3114,3114,3000,3085,6143637848,1991479,291,D,2995,3060
Indamin,20140104,3060,3180,2962,3050,9985958381,3273776,580,D,3085,3030
Indamin,20140105,3082,3160,3052,3122,12222112226,3914473,831,D,3050,3100
Indamin,20140106,3170,3246,3100,3207,13888124983,4331194,653,D,3122,3246
Indamin,20140107,3335,3335,3334,3335,16609478930,4980358,475,D,3207,3335
Indamin,20140108,3465,3468,3250,3433,16194148791,4716774,689,D,3335,3468
Indamin,20140111,3356,3496,3296,3346,2832017503,846454,140,D,3433,3296
Indamin,20140112,3213,3213,3213,3213,330495606,102862,7,D,3346,3213
Indamin,20140113,3213,3278,3085,3119,9541044718,3059139,571,D,3213,3085
Indamin,20140114,3100,3100,2995,3009,2712010390,901359,154,D,3119,2995
Indamin,20140115,2889,2889,2889,2889,303729237,105133,27,D,3009,2889
Indamin,20140118,2774,2810,2774,2775,3843602602,1385307,166,D,2889,2774
Indamin,20140120,2664,2664,2664,2734,77879376,29234,4,D,2775,2664
Indamin,20140121,2625,2813,2625,2632,2592612167,984938,145,D,2734,2625
Indamin,20140122,2527,2527,2527,2527,373996000,148000,13,D,2632,2527
Indamin,20140125,2426,2426,2426,2426,1348045716,555666,73,D,2527,2426
Indamin,20140126,2329,2329,2329,2395,59457041,25529,6,D,2426,2329
Indamin,20140128,2300,2390,2300,2303,1952766680,847803,101,D,2395,2300
Indamin,20140129,2211,2347,2211,2276,6286693978,2762294,420,D,2303,2325
Indamin,20140201,2367,2367,2367,2367,389631870,164610,22,D,2276,2367
Indamin,20140202,2461,2461,2273,2345,4147154268,1768180,240,D,2367,2273
Indamin,20140203,2252,2253,2252,2252,274942172,122086,27,D,2345,2252
Indamin,20140204,2230,2315,2162,2193,2689557976,1226273,123,D,2252,2162
Indamin,20140205,2106,2106,2106,2180,25223562,11977,4,D,2193,2106
Indamin,20140208,2093,2093,2093,2178,4186000,2000,2,D,2180,2093
Indamin,20140209,2091,2091,2091,2091,431960871,206581,31,D,2178,2091
Indamin,20140210,2008,2124,2008,2012,1070011248,531906,81,D,2091,2008
Indamin,20140212,1932,1932,1932,2008,6906900,3575,2,D,2012,1932
Indamin,20140215,1928,1928,1928,1981,51917184,26928,5,D,2008,1928
Indamin,20140216,1902,1989,1902,1912,2815277850,1472405,209,D,1981,1912
Indamin,20140217,1899,1988,1841,1953,3369653470,1725090,241,D,1912,1950
Indamin,20140218,1876,1969,1875,1884,1457250354,773491,101,D,1953,1884
Indamin,20140219,1930,1940,1809,1845,634410907,343812,98,D,1884,1845
Indamin,20140222,1918,1918,1918,1918,231707826,120807,14,D,1845,1918
Indamin,20140223,1994,1994,1994,1994,546944230,274295,23,D,1918,1994
Indamin,20140224,2073,2073,1915,2047,3750195086,1832246,225,D,1994,2019
Indamin,20140225,2049,2049,1966,1972,523715054,265588,43,D,2047,1966
Indamin,20140226,1894,1900,1894,1894,1012498976,534559,84,D,1972,1894
Indamin,20140301,1940,1969,1930,1951,1524845025,781444,134,D,1894,1951
Indamin,20140302,1999,1999,1873,1878,625948121,333360,65,D,1951,1878
Indamin,20140303,1803,1803,1803,1840,73093620,40540,6,D,1878,1803
Indamin,20140304,1767,1768,1767,1767,1023090366,578998,71,D,1840,1767
Indamin,20140305,1697,1809,1697,1746,1080389514,618784,106,D,1767,1746
Indamin,20140308,1750,1790,1677,1685,1047180819,621656,97,D,1746,1677
Indamin,20140309,1618,1618,1618,1618,299943222,185379,45,D,1685,1618
Indamin,20140310,1554,1554,1554,1554,266821800,171700,14,D,1618,1554
Indamin,20140311,1492,1492,1492,1492,518292452,347381,36,D,1554,1492
Indamin,20140312,1433,1478,1433,1435,1701266334,1185703,134,D,1492,1435
Indamin,20140315,1490,1492,1490,1492,477692226,320205,59,D,1435,1492
Indamin,20140316,1551,1551,1551,1551,149026284,96084,18,D,1492,1551
Indamin,20140317,1613,1613,1612,1613,1239371561,768367,63,D,1551,1613
Indamin,20140318,1671,1677,1557,1672,1655466750,990360,184,D,1613,1677
Indamin,20140319,1730,1738,1673,1711,463350992,270731,59,D,1672,1738
Indamin,20140325,1779,1779,1750,1774,1277620934,720358,132,D,1711,1779
Indamin,20140326,1844,1844,1784,1839,1968775399,1070544,127,D,1774,1844
Indamin,20140329,1912,1912,1912,1912,356970400,186700,10,D,1839,1912
Indamin,20140330,1988,1988,1988,1914,4970000,2500,6,D,1912,1988
Indamin,20140331,1990,1990,1990,1990,270291750,135825,5,D,1914,1990
Indamin,20140405,2069,2069,2069,2002,25140419,12151,5,D,1990,2069
Indamin,20140406,2082,2082,2079,2082,4407750890,2117145,188,D,2002,2082
Indamin,20140407,2165,2165,2165,2165,452989445,209233,15,D,2082,2165
Indamin,20140408,2251,2251,2251,2251,228755624,101624,4,D,2165,2251
Indamin,20140409,2341,2341,2341,2341,232098445,99145,11,D,2251,2341
Indamin,20140412,2434,2434,2260,2410,17898807932,7427344,935,D,2341,2400
Indamin,20140413,2380,2380,2314,2357,546049202,231717,37,D,2410,2314
Indamin,20140414,2263,2263,2263,2333,46391500,20500,13,D,2357,2263
Indamin,20140415,2240,2355,2240,2256,9147393639,4054662,481,D,2333,2240
Indamin,20140416,2201,2346,2201,2329,6036145391,2591212,381,D,2256,2300
Indamin,20140420,2250,2422,2250,2372,3628955619,1529901,172,D,2329,2300
Indamin,20140421,2310,2410,2278,2322,4375240169,1883853,282,D,2372,2315
Indamin,20140422,2373,2373,2230,2247,1109739326,493787,105,D,2322,2230
Indamin,20140423,2158,2336,2158,2203,5171432359,2347125,281,D,2247,2200
Indamin,20140426,2291,2291,2291,2291,190153000,83000,14,D,2203,2291
Indamin,20140427,2382,2382,2268,2380,6300390790,2647010,259,D,2291,2382
Indamin,20140428,2380,2390,2285,2301,1338049656,581557,131,D,2380,2290
Indamin,20140429,2216,2222,2209,2211,800233639,361918,64,D,2301,2209
Indamin,20140430,2209,2299,2206,2277,1449274930,636365,114,D,2211,2298
Indamin,20140503,2320,2335,2186,2219,1372186266,618302,122,D,2277,2238
Indamin,20140504,2140,2145,2131,2135,1353128847,633912,103,D,2219,2140
Indamin,20140505,2215,2220,2215,2220,666075420,300036,39,D,2135,2220
Indamin,20140506,2308,2308,2180,2280,4139468333,1815440,199,D,2220,2210
Indamin,20140507,2189,2340,2189,2275,2340956387,1028968,167,D,2280,2190
Indamin,20140510,2250,2295,2184,2210,1428417858,646425,133,D,2275,2184
Indamin,20140511,2200,2250,2175,2191,684291453,312271,53,D,2210,2180
Indamin,20140512,2230,2278,2230,2270,1695633514,747046,112,D,2191,2278
Indamin,20140514,2285,2360,2285,2354,4662659958,1980522,313,D,2270,2360
Indamin,20140517,2260,2440,2260,2327,5749526092,2471143,338,D,2354,2338
Indamin,20140518,2380,2420,2380,2418,778893240,322122,52,D,2327,2420
Indamin,20140519,2514,2514,2421,2512,10706894492,4262401,497,D,2418,2514
Indamin,20140520,2570,2570,2412,2443,3104004513,1270495,224,D,2512,2412
Indamin,20140521,2450,2510,2360,2431,1858246547,764314,163,D,2443,2440
Indamin,20140524,2444,2528,2380,2498,6279073866,2513854,374,D,2431,2528
Indamin,20140525,2500,2560,2420,2513,1954988458,777887,186,D,2498,2521
Indamin,20140526,2513,2613,2513,2610,5251219279,2012152,192,D,2513,2613
Indamin,20140528,2700,2714,2601,2702,4575687028,1693334,224,D,2610,2714
Indamin,20140531,2699,2770,2594,2642,4626706792,1751307,300,D,2702,2594
Indamin,20140601,2541,2594,2537,2540,244862617,96406,27,D,2642,2537
Indamin,20140602,2450,2599,2439,2491,3529358425,1416825,213,D,2540,2500
Indamin,20140603,2550,2550,2392,2408,4181379764,1736742,294,D,2491,2399
Indamin,20140609,2481,2481,2382,2429,882025554,363097,50,D,2408,2390
Indamin,20140610,2429,2500,2350,2471,1789564120,724192,169,D,2429,2490
Indamin,20140611,2490,2559,2400,2445,763397592,312263,76,D,2471,2412
Indamin,20140614,2369,2400,2348,2361,502752856,212922,16,D,2445,2348
Indamin,20140615,2267,2267,2267,2302,112896600,49800,9,D,2361,2267
Indamin,20140616,2212,2390,2210,2227,1374320333,617083,139,D,2302,2210
Indamin,20140617,2157,2225,2138,2160,994077124,460243,65,D,2227,2138
Indamin,20140618,2091,2246,2074,2162,3542114284,1638653,237,D,2160,2246
Indamin,20140621,2246,2246,2076,2094,3181355978,1519609,228,D,2162,2097
Indamin,20140622,2112,2140,2041,2101,1065028813,506984,93,D,2094,2097
Indamin,20140623,2020,2050,2017,2017,1477440114,732337,104,D,2101,2017
Indamin,20140624,1938,1960,1937,1938,902211612,465535,85,D,2017,1937
Indamin,20140625,1872,1885,1861,1870,219263094,117264,31,D,1938,1861
Indamin,20140628,1797,1800,1796,1796,1104815544,615115,76,D,1870,1796
Indamin,20140629,1725,1725,1725,1725,312364725,181081,18,D,1796,1725
Indamin,20140630,1657,1730,1656,1663,300260384,180589,52,D,1725,1656
Indamin,20140701,1650,1729,1650,1713,336959810,196682,26,D,1663,1729
Indamin,20140702,1781,1781,1781,1755,87812205,49305,19,D,1713,1781
Indamin,20140705,1825,1825,1825,1813,121333300,66484,11,D,1755,1825
Indamin,20140706,1885,1885,1830,1883,4152802028,2204903,210,D,1813,1885
Indamin,20140707,1808,1950,1808,1883,1332973599,707881,122,D,1883,1944
Indamin,20140708,1958,1958,1930,1956,905174830,462735,78,D,1883,1958
Indamin,20140709,2033,2034,1930,2018,1639731619,812612,128,D,1956,1970
Indamin,20140712,1980,2039,1938,1987,861966943,433701,84,D,2018,1938
Indamin,20140713,1987,1987,1908,1911,376207961,196901,42,D,1987,1908
Indamin,20140714,1835,1950,1835,1864,929068712,498446,104,D,1911,1835
Indamin,20140715,1821,1938,1790,1823,1558960613,855182,145,D,1864,1870
Indamin,20140716,1790,1895,1790,1894,1716419679,906236,121,D,1823,1895
Indamin,20140720,1840,1919,1819,1843,505597221,274369,74,D,1894,1823
Indamin,20140721,1771,1839,1770,1791,417399730,233053,56,D,1843,1790
Indamin,20140722,1857,1862,1857,1861,405645862,217928,52,D,1791,1862
Indamin,20140723,1935,1935,1870,1915,1181439452,617052,86,D,1861,1870
Indamin,20140726,1840,1898,1839,1843,368475854,199965,44,D,1915,1839
Indamin,20140727,1770,1834,1770,1806,989781803,547932,103,D,1843,1800
Indamin,20140728,1795,1870,1773,1801,789925185,438643,96,D,1806,1808
Indamin,20140802,1750,1809,1729,1737,837747264,482283,97,D,1801,1779
Indamin,20140803,1740,1806,1730,1791,681262391,380408,83,D,1737,1806
Indamin,20140804,1800,1862,1790,1840,1259136422,684302,137,D,1791,1840
Indamin,20140805,1849,1849,1774,1793,874036253,487512,65,D,1840,1775
Indamin,20140806,1781,1838,1750,1799,624166995,346883,74,D,1793,1790
Indamin,20140809,1867,1867,1751,1825,429490097,235296,63,D,1799,1763
Indamin,20140810,1811,1838,1776,1800,668199686,371299,69,D,1825,1838
Indamin,20140811,1871,1872,1842,1870,1259625532,673683,107,D,1800,1872
Indamin,20140812,1875,1906,1850,1870,843327040,451043,93,D,1870,1855
Indamin,20140813,1850,1880,1831,1868,397970666,213077,43,D,1870,1870
Indamin,20140816,1830,1870,1801,1835,344776310,187912,41,D,1868,1801
Indamin,20140817,1800,1908,1800,1880,1275375176,678400,101,D,1835,1908
Indamin,20140818,1950,1955,1930,1951,1943506087,995931,142,D,1880,1955
Indamin,20140819,2020,2020,1881,1950,984253746,504710,134,D,1951,1925
Indamin,20140820,1926,2019,1880,1957,1358472726,694010,171,D,1950,2006
Indamin,20140823,2000,2035,2000,2034,1401261765,688888,92,D,1957,2035
Indamin,20140824,2020,2115,2020,2112,2480087712,1174561,201,D,2034,2115
Indamin,20140825,2140,2165,2052,2122,2418977222,1139872,251,D,2112,2154
Indamin,20140826,2145,2180,2080,2144,1893301940,883205,184,D,2122,2149
Indamin,20140827,2125,2125,2062,2068,1547115540,748277,132,D,2144,2066
Indamin,20140830,1990,2021,1987,1993,1456770312,731026,150,D,2068,1990
Indamin,20140831,1950,2072,1920,2052,1540429769,750844,130,D,1993,2072
Indamin,20140901,2100,2100,2060,2066,311887258,150931,42,D,2052,2062
Indamin,20140902,2062,2062,1984,1993,760809452,381680,113,D,2066,1984
Indamin,20140903,1930,2047,1930,2013,822158369,408420,81,D,1993,2039
Indamin,20140906,2030,2030,1933,1955,502275047,256969,59,D,2013,1941
Indamin,20140907,1987,1995,1926,1960,293322346,149688,35,D,1955,1973
Indamin,20140908,1965,2035,1965,2002,1073687104,536262,83,D,1960,2015
Indamin,20140909,2049,2049,1922,1935,1064120600,549916,117,D,2002,1924
Indamin,20140910,1869,1870,1858,1859,1252509500,673827,130,D,1935,1858
Indamin,20140913,1800,1800,1785,1786,535336874,299789,43,D,1859,1785
Indamin,20140914,1715,1838,1715,1740,396681261,228026,55,D,1786,1760
Indamin,20140915,1798,1798,1740,1764,991609405,562279,86,D,1740,1745
Indamin,20140916,1774,1811,1714,1754,795557094,453651,66,D,1764,1788
Indamin,20140917,1757,1757,1716,1736,499322721,287680,37,D,1754,1730
Indamin,20140920,1740,1789,1720,1750,433984912,248031,55,D,1736,1789
Indamin,20140921,1805,1820,1805,1817,153308380,84359,22,D,1750,1820
Indamin,20140922,1850,1880,1823,1851,252681235,136523,46,D,1817,1870
Indamin,20140923,1870,1923,1850,1902,422190031,221954,51,D,1851,1870
Indamin,20140924,1896,1900,1830,1864,170101854,91237,42,D,1902,1850
Indamin,20140927,1800,1830,1800,1816,175831160,96807,22,D,1864,1820
Indamin,20140928,1850,1851,1802,1820,347460258,190862,55,D,1816,1810
Indamin,20140929,1810,1848,1748,1780,1338112777,751633,145,D,1820,1830
Indamin,20140930,1851,1851,1851,1851,279863796,151196,24,D,1780,1851
Indamin,20141001,1925,1925,1850,1892,1144933615,605028,98,D,1851,1867
Indamin,20141004,1919,1924,1862,1905,836527737,439008,102,D,1892,1922
Indamin,20141006,1930,1981,1930,1980,2944145985,1487156,252,D,1905,1981
Indamin,20141007,2050,2050,1943,2009,804802873,400684,92,D,1980,1961
Indamin,20141008,1995,2020,1933,1977,578288776,292510,58,D,2009,1967
Indamin,20141011,2018,2018,1961,1977,895358794,452944,83,D,1977,1999
Indamin,20141012,1985,2056,1930,2031,3109516574,1530693,228,D,1977,2056
Indamin,20141014,2057,2112,2057,2110,2375649429,1125978,111,D,2031,2112
Indamin,20141015,2151,2194,2071,2148,3778469779,1758834,282,D,2110,2088
Indamin,20141018,2072,2179,2063,2100,2242264960,1067614,190,D,2148,2063
Indamin,20141019,2065,2183,2017,2126,3985787905,1875011,354,D,2100,2183
Indamin,20141020,2208,2211,2121,2205,3758592886,1704764,203,D,2126,2211
Indamin,20141021,2200,2290,2200,2243,2810789236,1253006,246,D,2205,2240
Indamin,20141022,2168,2236,2154,2180,1468859813,673717,144,D,2243,2179
Indamin,20141025,2150,2206,2095,2149,2091081453,973013,153,D,2180,2140
Indamin,20141026,2085,2100,2074,2084,707405011,339449,64,D,2149,2075
Indamin,20141027,2149,2167,2100,2146,1775899716,827520,126,D,2084,2100
Indamin,20141028,2111,2155,2068,2090,986606828,472165,99,D,2146,2090
Indamin,20141029,2080,2160,2029,2091,1736252623,830354,191,D,2090,2094
Indamin,20141101,2100,2160,2100,2152,1882688149,874677,156,D,2091,2150
Indamin,20141102,2125,2144,2081,2105,1655520234,786607,150,D,2152,2099
Indamin,20141105,2100,2150,2100,2116,2534210509,1197399,291,D,2105,2120
Indamin,20141108,2150,2198,2149,2174,3178452848,1461918,269,D,2116,2170
Indamin,20141109,2175,2240,2140,2198,2606203968,1185537,246,D,2174,2209
Indamin,20141110,2151,2250,2151,2181,2333219251,1069625,199,D,2198,2180
Indamin,20141111,2140,2230,2140,2171,4225704498,1946671,362,D,2181,2158
Indamin,20141112,2130,2220,2130,2194,2503325245,1140887,281,D,2171,2195
Indamin,20141115,2165,2180,2107,2138,2006439510,938296,177,D,2194,2140
Indamin,20141116,2110,2223,2095,2201,3764437150,1710528,283,D,2138,2223
Indamin,20141117,2289,2289,2289,2289,2101885695,918255,63,D,2201,2289
Indamin,20141118,2380,2380,2291,2371,8597594920,3625924,368,D,2289,2380
Indamin,20141119,2449,2465,2350,2461,8481804910,3447005,615,D,2371,2465
Indamin,20141122,2494,2559,2403,2549,5180681405,2032509,238,D,2461,2559
Indamin,20141123,2648,2650,2638,2649,4649073540,1755002,174,D,2549,2650
Indamin,20141124,2754,2754,2669,2738,6976143928,2548148,322,D,2649,2729
Indamin,20141125,2629,2629,2629,2629,355096401,135069,28,D,2738,2629
Indamin,20141126,2524,2734,2524,2643,13778233628,5212873,575,D,2629,2734
Indamin,20141129,2748,2748,2538,2659,14437303332,5429455,696,D,2643,2560
Indamin,20141130,2598,2598,2553,2562,1731442633,675911,116,D,2659,2553
Indamin,20141201,2460,2541,2460,2467,5730680661,2322501,296,D,2562,2460
Indamin,20141202,2540,2565,2420,2493,2223696395,891972,207,D,2467,2420
Indamin,20141203,2480,2480,2394,2396,3984466759,1662800,243,D,2493,2394
Indamin,20141206,2444,2491,2340,2428,4237601857,1745209,180,D,2396,2352
Indamin,20141207,2388,2388,2331,2332,594925876,255146,50,D,2428,2331
Indamin,20141208,2311,2425,2311,2396,1535901615,641136,124,D,2332,2424
Indamin,20141209,2413,2470,2320,2394,1574920842,657770,110,D,2396,2330
Indamin,20141210,2334,2428,2310,2345,573437349,244576,84,D,2394,2320
Indamin,20141214,2252,2253,2252,2290,107423148,47699,9,D,2345,2252
Indamin,20141215,2199,2222,2199,2201,3291806223,1495583,218,D,2290,2199
Indamin,20141216,2286,2289,2114,2222,1725562542,776483,155,D,2201,2175
Indamin,20141217,2136,2138,2134,2182,78508812,36780,13,D,2222,2134
Indamin,20141220,2095,2188,2095,2117,937021634,442576,101,D,2182,2175
Indamin,20141222,2199,2201,2199,2201,286304150,130090,18,D,2117,2201
Indamin,20141224,2289,2289,2190,2240,1620500358,723524,107,D,2201,2190
Indamin,20141227,2152,2328,2151,2243,1293161847,576502,88,D,2240,2328
Indamin,20141228,2332,2332,2331,2332,1729022702,741451,109,D,2243,2332
Indamin,20141229,2389,2424,2240,2342,3310446173,1413624,240,D,2332,2339
Indamin,20141230,2350,2435,2293,2399,3278226875,1366264,207,D,2342,2420
Indamin,20141231,2450,2470,2342,2393,756457219,316081,75,D,2399,2370
Indamin,20150103,2460,2460,2306,2377,215256201,90558,37,D,2393,2365
Indamin,20150104,2419,2472,2340,2443,4196008947,1717552,390,D,2377,2472
Indamin,20150105,2540,2540,2346,2434,1634089561,671295,101,D,2443,2348
Indamin,20150106,2337,2337,2337,2337,284415237,121701,19,D,2434,2337
Indamin,20150107,2244,2340,2244,2245,430890187,191953,55,D,2337,2244
Indamin,20150110,2160,2160,2156,2156,491225062,227802,38,D,2245,2156
Indamin,20150111,2070,2139,2070,2077,1236962735,595655,101,D,2156,2128
Indamin,20150112,2156,2160,2150,2160,641554360,297046,37,D,2077,2160
Indamin,20150113,2246,2246,2074,2169,2156523759,994059,113,D,2160,2183
Indamin,20150114,2199,2200,2130,2153,316062713,146830,37,D,2169,2140
Indamin,20150117,2239,2239,2173,2200,203087781,92309,28,D,2153,2173
Indamin,20150118,2236,2236,2112,2121,1029633011,485554,94,D,2200,2112
Indamin,20150119,2080,2080,2037,2044,1312635179,642268,109,D,2121,2069
Indamin,20150120,2080,2120,2030,2072,273812826,132148,41,D,2044,2057
Indamin,20150121,2060,2060,1990,1994,222246790,111466,23,D,2072,1990
Indamin,20150124,1915,2060,1915,1917,449988415,234713,48,D,1994,1915
Indamin,20150125,1989,1993,1910,1975,713302627,361149,72,D,1917,1930
Indamin,20150126,1930,1930,1896,1897,369153226,194648,26,D,1975,1896
Indamin,20150127,1895,1922,1822,1849,1884718976,1019441,136,D,1897,1889
Indamin,20150128,1900,1922,1899,1917,645236827,336630,60,D,1849,1922
Indamin,20150131,1988,1993,1988,1992,669174609,335913,58,D,1917,1993
Indamin,20150201,2039,2054,1930,2003,1722185240,859646,105,D,1992,1950
Indamin,20150202,1928,2075,1928,2039,1239983675,608176,125,D,2003,2030
Indamin,20150203,2040,2082,2020,2046,1020256811,498750,103,D,2039,2049
Indamin,20150204,2080,2127,2080,2126,1969160875,926219,155,D,2046,2127
Indamin,20150207,2200,2211,2200,2210,2261544499,1023196,109,D,2126,2211
Indamin,20150208,2280,2298,2135,2226,2824208588,1268639,194,D,2210,2190
Indamin,20150209,2269,2269,2137,2143,271203397,126581,21,D,2226,2137
Indamin,20150210,2132,2228,2058,2151,3281336959,1525732,150,D,2143,2220
Indamin,20150214,2237,2237,2237,2237,2388319628,1067644,84,D,2151,2237
Indamin,20150215,2326,2326,2326,2326,386923122,166347,26,D,2237,2326
Indamin,20150216,2419,2419,2419,2419,4116141372,1701588,155,D,2326,2419
Indamin,20150217,2515,2515,2515,2515,799772515,318001,21,D,2419,2515
Indamin,20150218,2615,2615,2615,2615,657526060,251444,33,D,2515,2615
Indamin,20150221,2719,2719,2719,2719,2128218399,782721,65,D,2615,2719
Indamin,20150222,2827,2827,2800,2826,16784816000,5938714,734,D,2719,2827
Indamin,20150223,2939,2939,2800,2918,23902251798,8192070,1020,D,2826,2911
Indamin,20150224,2970,3034,2850,2958,7625426308,2577558,434,D,2918,2856
Indamin,20150225,2896,2896,2840,2849,3178043053,1115351,148,D,2958,2840
Indamin,20150228,2800,2962,2754,2932,9592786590,3271781,564,D,2849,2962
Indamin,20150301,3049,3049,2980,3046,8952126829,2938846,421,D,2932,3049
Indamin,20150302,3147,3147,2930,3054,4907515025,1606980,354,D,3046,2931
Indamin,20150303,2940,2985,2932,2933,7523759923,2565423,409,D,3054,2932
Indamin,20150315,1310,1362,1258,1303,12469652258,9572528,1288,D,914,1264
Indamin,20150316,1252,1320,1251,1265,4005000150,3166860,468,D,1303,1251
Indamin,20150317,1265,1315,1230,1307,10353166263,7919824,834,D,1265,1315
Indamin,20150318,1322,1359,1313,1338,5325174751,3979656,599,D,1307,1325
Indamin,20150325,1350,1350,1285,1289,1377427924,1068196,175,D,1338,1285
Indamin,20150328,1252,1340,1250,1324,2671172856,2017217,244,D,1289,1340
Indamin,20150329,1375,1376,1300,1357,3722682917,2743759,354,D,1324,1311
Indamin,20150330,1350,1350,1303,1309,753869404,575835,110,D,1357,1303
Indamin,20150331,1309,1319,1258,1294,865201071,668735,106,D,1309,1300
Indamin,20150404,1345,1345,1345,1339,458452665,340857,31,D,1294,1345
Indamin,20150405,1392,1392,1340,1378,4143344654,3007113,326,D,1339,1350
Indamin,20150406,1323,1323,1323,1323,566128899,427913,76,D,1378,1323
Indamin,20150407,1271,1300,1271,1271,2907863442,2287313,305,D,1323,1271
Indamin,20150408,1246,1295,1221,1267,2920086347,2305610,237,D,1271,1280
Indamin,20150411,1300,1300,1217,1228,2256692089,1836961,211,D,1267,1217
Indamin,20150412,1219,1219,1179,1179,2198859187,1864832,172,D,1228,1179
Indamin,20150413,1150,1180,1132,1134,1835715460,1619142,235,D,1179,1132
Indamin,20150414,1125,1160,1100,1128,892133519,791075,124,D,1134,1139
Indamin,20150415,1135,1170,1135,1154,851898719,738432,131,D,1128,1159
Indamin,20150418,1130,1174,1108,1112,1345801628,1210300,169,D,1154,1115
Indamin,20150419,1147,1148,1100,1115,418508312,375228,78,D,1112,1134
Indamin,20150420,1120,1120,1077,1100,345588785,315582,82,D,1115,1100
Indamin,20150421,1080,1122,1071,1095,789441618,720655,109,D,1100,1122
Indamin,20150422,1090,1125,1086,1101,672516823,610868,88,D,1095,1100
Indamin,20150425,1060,1120,1060,1094,494602782,452272,162,D,1101,1101
Indamin,20150426,1111,1111,1080,1101,350939768,317980,97,D,1094,1099
Indamin,20150427,1120,1130,1099,1109,637959712,575213,127,D,1101,1110
Indamin,20150428,1119,1119,1065,1077,1086322134,1008564,159,D,1109,1065
Indamin,20150429,1091,1093,1063,1076,408143620,379382,62,D,1077,1089
Indamin,20150503,1061,1094,1033,1067,189456907,179891,55,D,1076,1060
Indamin,20150504,1025,1032,1025,1043,270920876,264214,80,D,1067,1030
Indamin,20150505,1050,1050,1002,1033,138835310,137660,37,D,1043,1003
Indamin,20150506,1013,1060,992,1027,976803711,951046,91,D,1033,1060
Indamin,20150509,1059,1060,986,1000,440090177,441465,56,D,1027,986
Indamin,20150510,963,985,960,960,489389571,509659,69,D,1000,960
Indamin,20150511,950,980,925,961,410422396,426945,67,D,960,959
Indamin,20150512,980,985,934,960,298908287,311623,46,D,961,934
Indamin,20150513,935,935,922,923,1258660232,1364192,203,D,960,922
Indamin,20150517,890,939,887,905,530969338,586393,119,D,923,938
Indamin,20150518,941,941,941,930,358219880,380680,23,D,905,941
Indamin,20150519,967,967,967,967,2182128332,2256596,142,D,930,967
Indamin,20150520,1005,1005,950,980,1608192415,1640894,206,D,967,972
Indamin,20150523,991,991,931,938,599645306,639048,79,D,980,931
Indamin,20150524,920,984,908,966,852868129,882881,99,D,938,984
Indamin,20150525,1012,1012,979,997,1154510316,1158116,143,D,966,982
Indamin,20150526,980,995,950,967,573233627,593101,72,D,997,951
Indamin,20150527,970,970,927,951,235216377,251585,45,D,967,931
Indamin,20150530,964,964,919,944,170643333,183341,24,D,951,926
Indamin,20150531,924,960,915,935,936173421,1001657,143,D,944,943
Indamin,20150601,950,950,926,939,277454187,294496,45,D,935,938
Indamin,20150602,940,958,925,942,228971802,242086,55,D,939,950
Indamin,20150606,950,950,930,938,231534961,247816,50,D,942,943
Indamin,20150607,933,960,930,940,504618602,536803,80,D,938,934
Indamin,20150608,935,955,893,923,809035952,876110,114,D,940,893
Indamin,20150609,881,927,877,896,282990727,321920,66,D,923,877
Indamin,20150610,878,912,878,897,332607880,370652,83,D,896,899
Indamin,20150616,908,913,878,897,730724933,814720,180,D,897,909
Indamin,20150617,900,941,890,939,1402360018,1494188,212,D,897,941
Indamin,20150620,944,944,902,919,752661017,819092,168,D,939,916
Indamin,20150621,950,950,921,928,241006643,257204,40,D,919,936
Indamin,20150622,931,974,930,971,2904052896,2990618,290,D,928,974
Indamin,20150623,1011,1019,973,1008,3854927133,3823145,408,D,971,1019
Indamin,20150624,1039,1039,983,999,980128952,981088,138,D,1008,989
Indamin,20150627,984,1000,952,971,876846353,902659,109,D,999,952
Indamin,20150628,941,979,930,949,330085806,351529,50,D,971,930
Indamin,20150629,940,975,940,953,154686477,161081,34,D,949,971
Indamin,20150630,990,993,950,979,2090276579,2134034,321,D,953,984
Indamin,20150701,970,982,931,941,1325503473,1409163,201,D,979,941
Indamin,20150706,930,930,884,904,7949587467,8794558,1037,D,941,920
Indamin,20150707,948,949,930,947,8544536551,9021284,926,D,904,949
Indamin,20150711,903,994,903,980,4086451042,4171882,394,D,947,994
Indamin,20150712,1019,1029,1000,1028,5669498043,5513162,452,D,980,1029
Indamin,20150713,1079,1079,1079,1079,1811717609,1679071,96,D,1028,1079
Indamin,20150714,1132,1132,1051,1118,10445170358,9339379,715,D,1079,1132
Indamin,20150715,1130,1130,1063,1077,2594855563,2408450,198,D,1118,1063
Indamin,20150720,1024,1040,1024,1025,1792844961,1749014,165,D,1077,1024
Indamin,20150721,1025,1074,989,1022,2838388336,2776839,394,D,1025,1014
Indamin,20150722,1039,1039,971,984,2743959222,2788343,332,D,1022,971
Indamin,20150725,970,973,935,944,3943858231,4175871,377,D,984,935
Indamin,20150726,939,991,939,978,4354794369,4450746,383,D,944,991
Indamin,20150727,1012,1015,930,945,3760865943,3980163,352,D,978,935
Indamin,20150728,933,980,930,951,2128580680,2237327,212,D,945,947
Indamin,20150729,978,998,960,988,4497565197,4551545,408,D,951,998
Indamin,20150801,1017,1037,991,1030,10794452345,10476628,910,D,988,1028
Indamin,20150802,1008,1055,995,1022,3050860279,2985030,311,D,1030,1010
Indamin,20150803,1018,1047,996,1011,1801828684,1781914,214,D,1022,1009
Indamin,20150804,989,1010,967,983,1695245923,1724975,185,D,1011,985
Indamin,20150805,1001,1001,960,974,1422462521,1460495,142,D,983,967
Indamin,20150808,952,972,926,932,6080632508,6524097,427,D,974,946
Indamin,20150809,936,978,932,958,4143738467,4326676,475,D,932,940
Indamin,20150816,901,920,896,906,2097761093,2315245,263,D,958,910
Indamin,20150817,911,911,877,891,2531890706,2840761,309,D,906,880
Indamin,20150818,879,884,847,854,4404303084,5156510,492,D,891,859
Indamin,20150819,849,889,849,874,1099602518,1257854,191,D,854,865
Indamin,20150822,851,884,832,852,2348065022,2755442,269,D,874,840
Indamin,20150823,845,853,831,836,798414422,954549,98,D,852,831
Indamin,20150824,816,840,816,828,1069811212,1292644,119,D,836,825
Indamin,20150825,828,833,787,802,989011097,1233641,152,D,828,812
Indamin,20150826,833,833,803,806,301959133,373301,63,D,802,809
Indamin,20150829,834,846,830,840,2121696640,2526380,204,D,806,831
Indamin,20150830,825,844,821,834,458478931,549953,89,D,840,835
Indamin,20150831,845,845,802,810,638061119,787286,90,D,834,820
Indamin,20150901,830,840,808,821,727170760,885488,110,D,810,812
Indamin,20150902,834,834,805,811,641416195,790782,88,D,821,830
Indamin,20150905,830,851,821,842,2437786807,2896426,256,D,811,851
Indamin,20150906,854,857,831,847,1001305087,1182337,115,D,842,842
Indamin,20150907,841,850,831,843,468126106,555626,56,D,847,845
Indamin,20150908,840,852,840,847,478742835,564772,75,D,843,843
Indamin,20150909,859,859,843,848,591673725,698050,68,D,847,850
Indamin,20150912,850,868,820,839,385925772,461043,81,D,848,824
Indamin,20150913,816,816,798,800,1707317529,2134479,206,D,839,798
Indamin,20150914,798,819,770,786,1208342578,1537072,181,D,800,780
Indamin,20150915,780,780,748,762,542089193,711842,121,D,786,769
Indamin,20150916,744,800,743,796,2078048164,2609415,281,D,762,800
Indamin,20150919,815,835,802,827,2167727068,2621286,243,D,796,810
Indamin,20150920,827,827,786,792,555676208,702052,78,D,827,786
Indamin,20150921,770,780,753,763,892727884,1170750,123,D,792,780
Indamin,20150922,789,801,753,782,1460113563,1866930,167,D,763,801
Indamin,20150923,816,821,815,821,1316860135,1604848,119,D,782,821
Indamin,20150926,825,861,803,851,6092034544,7154958,614,D,821,860
Indamin,20150927,836,880,811,844,1984116905,2351179,207,D,851,845
Indamin,20150928,860,860,818,828,1923789275,2323422,215,D,844,853
Indamin,20150929,832,869,831,862,2211229850,2566288,207,D,828,869
Indamin,20150930,884,904,858,892,5645773106,6331378,585,D,862,879
Indamin,20151003,870,870,848,853,1141797873,1338144,151,D,892,848
Indamin,20151004,830,866,813,839,2366267806,2821180,288,D,853,841
Indamin,20151005,862,862,815,828,1345951795,1624921,207,D,839,820
Indamin,20151006,820,830,791,803,7711490142,9609101,546,D,828,800
Indamin,20151007,827,827,795,804,1280155530,1592929,181,D,803,797
Indamin,20151010,792,812,787,797,774017730,970823,116,D,804,788
Indamin,20151011,784,826,783,809,2691330833,3327542,280,D,797,815
Indamin,20151012,815,849,815,839,3520285369,4193462,386,D,809,849
Indamin,20151013,839,879,834,867,2461397688,2839217,266,D,839,873
Indamin,20151014,883,897,838,861,3139902005,3647994,332,D,867,840
Indamin,20151017,837,903,837,883,3994554836,4522511,428,D,861,900
Indamin,20151018,904,912,843,862,4845128979,5618541,538,D,883,853
Indamin,20151019,860,867,820,841,1328475254,1579363,195,D,862,820
Indamin,20151020,849,852,806,821,1100691513,1341166,151,D,841,810
Indamin,20151021,821,840,800,813,842322671,1036181,147,D,821,810
Indamin,20151025,799,805,773,778,2480522652,3186754,328,D,813,773
Indamin,20151026,778,800,770,786,843810150,1073530,120,D,778,790
Indamin,20151027,773,799,771,781,438221758,561473,90,D,786,778
Indamin,20151028,774,809,772,791,1255180325,1586248,182,D,781,809
Indamin,20151031,810,830,806,822,1713303681,2084036,248,D,791,825
Indamin,20151101,821,852,807,835,1870273766,2239973,273,D,822,830
Indamin,20151102,837,853,810,830,970442842,1169025,177,D,835,814
Indamin,20151103,820,834,805,820,1171517968,1428338,154,D,830,832
Indamin,20151104,830,830,816,821,364563953,444063,61,D,820,828
Indamin,20151107,833,837,820,823,337996890,410018,64,D,821,821
Indamin,20151108,821,824,800,807,547351106,677879,80,D,823,817
Indamin,20151109,802,832,802,820,447400554,544242,60,D,807,815
Indamin,20151110,818,845,816,827,573726853,694089,92,D,820,820
Indamin,20151111,825,825,806,811,490385178,604688,72,D,827,810
Indamin,20151114,819,820,800,805,554404814,688679,66,D,811,810
Indamin,20151115,802,830,798,813,1058997438,1303303,119,D,805,802
Indamin,20151116,797,828,797,809,1302409009,1609283,142,D,813,821
Indamin,20151117,806,820,796,801,642997457,802530,72,D,809,802
Indamin,20151118,803,841,803,831,2340423127,2814808,271,D,801,841
Indamin,20151121,872,872,872,872,620456776,711533,55,D,831,872
Indamin,20151122,915,915,915,915,1708499895,1867213,123,D,872,915
Indamin,20151123,914,940,871,910,12799843271,14069425,1227,D,915,926
Indamin,20151124,921,949,899,921,3883541661,4218947,415,D,910,902
Indamin,20151125,910,918,876,885,2833829990,3201588,282,D,921,877
Indamin,20151128,870,876,850,859,3050164628,3549274,329,D,885,862
Indamin,20151129,860,901,852,899,5790709228,6444047,559,D,859,899
Indamin,20151130,901,929,872,907,2827775025,3117928,287,D,899,926
Indamin,20151201,920,939,904,920,1366518240,1485978,178,D,907,917
Indamin,20151205,931,933,880,901,3431175743,3810002,332,D,920,889
Indamin,20151206,877,900,860,874,1683246363,1925603,227,D,901,879
Indamin,20151207,888,889,852,861,1749702351,2032971,167,D,874,869
Indamin,20151208,866,870,845,854,1163064164,1361876,126,D,861,862
Indamin,20151209,863,896,860,882,1458745695,1654060,193,D,854,889
Indamin,20151213,890,910,871,883,594846588,673860,104,D,882,886
Indamin,20151214,881,905,871,894,1011463033,1131781,147,D,883,894
Indamin,20151215,885,911,881,901,1969613528,2184986,238,D,894,895
Indamin,20151216,920,932,885,905,2551854712,2819205,305,D,901,890
Indamin,20151219,910,918,861,880,1491543806,1695659,176,D,905,861
Indamin,20151220,890,890,851,864,1520613097,1760574,188,D,880,873
Indamin,20151221,885,907,879,896,1854205535,2068496,200,D,864,907
Indamin,20151222,935,940,910,937,13940774969,14879566,1076,D,896,939
Indamin,20151223,939,940,891,894,6487002693,7257521,608,D,937,891
Indamin,20151226,900,900,867,872,1231363242,1411359,161,D,894,876
Indamin,20151227,871,907,866,887,1969616763,2221137,184,D,872,891
Indamin,20151228,876,893,856,872,3091946960,3547789,318,D,887,865
Indamin,20151230,882,895,866,882,1883847462,2136468,190,D,872,882
Indamin,20160102,889,892,870,878,1170534624,1332518,150,D,882,873
Indamin,20160103,892,914,869,900,2576422016,2863031,317,D,878,902
Indamin,20160104,891,919,885,901,2047066377,2271581,270,D,900,888
Indamin,20160105,885,944,880,931,4607515257,4948275,465,D,901,929
Indamin,20160106,942,947,910,930,4110564737,4420011,487,D,931,929
Indamin,20160109,928,928,884,898,2099368811,2338003,247,D,930,886
Indamin,20160110,880,916,880,896,1235768153,1379077,175,D,898,890
Indamin,20160111,905,940,893,932,6634530025,7117613,644,D,896,940
Indamin,20160112,938,955,910,933,6284023415,6734709,690,D,932,919
Indamin,20160113,920,945,916,929,4546883150,4893270,486,D,933,916
Indamin,20160116,950,975,943,962,5115227873,5318315,567,D,929,965
Indamin,20160117,1001,1001,914,944,4481231678,4745923,419,D,962,914
Indamin,20160118,910,935,897,905,2733717579,3020905,316,D,944,910
Indamin,20160119,931,950,931,950,11952808973,12585269,805,D,905,950
Indamin,20160120,964,990,950,973,10685632659,10982068,1082,D,950,975
Indamin,20160123,989,1010,930,976,12743426438,13061870,1188,D,973,987
Indamin,20160124,990,1024,981,1017,13184646376,12963851,1071,D,976,1024
Indamin,20160125,1007,1067,1006,1059,4452529520,4205768,390,D,1017,1067
Indamin,20160126,1111,1111,1111,1111,872028344,784904,53,D,1059,1111
Indamin,20160127,1166,1166,1056,1113,15097014306,13563188,1143,D,1111,1056
Indamin,20160130,1059,1088,1058,1062,9612458596,9050647,668,D,1113,1058
Indamin,20160131,1013,1040,1009,1010,13737834392,13595347,1096,D,1062,1015
Indamin,20160201,1025,1059,1020,1040,9407478850,9041499,759,D,1010,1042
Indamin,20160202,1049,1050,988,1005,9775350792,9726387,920,D,1040,988
Indamin,20160203,990,1050,972,1025,8150613039,7952927,752,D,1005,1030
Indamin,20160206,1055,1076,1040,1074,6982290275,6503449,449,D,1025,1076
Indamin,20160207,1127,1127,1127,1127,638338435,566405,44,D,1074,1127
Indamin,20160208,1183,1183,1150,1183,5181553637,4381469,293,D,1127,1183
Indamin,20160209,1242,1242,1130,1218,15236200175,12513560,863,D,1183,1150
Indamin,20160210,1160,1278,1158,1236,27422469498,22182864,1921,D,1218,1230
Indamin,20160213,1177,1250,1175,1189,8643414228,7272064,614,D,1236,1175
Indamin,20160214,1137,1230,1130,1159,6066229758,5234495,559,D,1189,1134
Indamin,20160215,1183,1208,1151,1182,7565683738,6400883,691,D,1159,1165
Indamin,20160216,1150,1170,1123,1137,7014648646,6171535,580,D,1182,1123
Indamin,20160217,1100,1189,1093,1158,7407800291,6398727,725,D,1137,1152
Indamin,20160222,1220,1281,1200,1237,13726853726,11097359,1183,D,1158,1238
Indamin,20160223,1241,1241,1176,1181,7708494814,6525727,745,D,1237,1176
Indamin,20160224,1165,1190,1122,1156,3562854824,3082692,371,D,1181,1153
Indamin,20160227,1134,1200,1134,1162,3566955532,3069442,425,D,1156,1147
Indamin,20160228,1180,1180,1110,1131,5412665256,4787178,528,D,1162,1122
Indamin,20160229,1120,1179,1110,1145,5610159001,4899392,580,D,1131,1120
Indamin,20160301,1168,1183,1140,1163,5547531422,4768982,529,D,1145,1158
Indamin,20160302,1151,1175,1141,1159,3104614457,2678669,318,D,1163,1162
Indamin,20160305,1156,1200,1155,1179,6616601762,5610404,611,D,1159,1175
Indamin,20160306,1200,1237,1172,1216,11550769073,9502089,950,D,1179,1237
Indamin,20160307,1260,1270,1161,1236,12305664411,9955048,1004,D,1216,1195
Indamin,20160308,1179,1222,1179,1194,4829774603,4045245,421,D,1236,1183
Indamin,20160309,1190,1215,1161,1185,3956143558,3339415,345,D,1194,1190
Indamin,20160312,1205,1244,1190,1236,4793603950,3877031,349,D,1185,1244
Indamin,20160314,1291,1297,1280,1293,2451926165,1896645,213,D,1236,1297
Indamin,20160315,1357,1357,1280,1336,10681643986,7993259,758,D,1293,1310
Indamin,20160316,1350,1358,1270,1299,7523843478,5792221,694,D,1336,1270
Indamin,20160326,1333,1333,1235,1255,1354286390,1079210,118,D,1299,1235
Indamin,20160327,1194,1247,1193,1195,2072621309,1734788,193,D,1255,1193
Indamin,20160328,1155,1254,1136,1214,7432921871,6121358,725,D,1195,1254
Indamin,20160329,1250,1274,1190,1256,5008887231,3987341,476,D,1214,1274
Indamin,20160330,1289,1299,1242,1266,5190630906,4098557,466,D,1256,1259
Indamin,20160402,1214,1249,1203,1205,6701348304,5561719,483,D,1266,1203
Indamin,20160403,1170,1200,1150,1167,2447046202,2096681,287,D,1205,1181
Indamin,20160404,1171,1210,1171,1180,1591858225,1348574,192,D,1167,1185
Indamin,20160405,1181,1217,1160,1189,2253476308,1895261,259,D,1180,1180
Indamin,20160406,1200,1205,1156,1170,2215722116,1893922,309,D,1189,1170
Indamin,20160409,1167,1204,1165,1180,2830731373,2399785,240,D,1170,1180
Indamin,20160410,1160,1185,1155,1161,1962652236,1690149,277,D,1180,1156
Indamin,20160411,1165,1175,1143,1154,2447658158,2120133,298,D,1161,1160
Indamin,20160412,1165,1190,1140,1152,1579417886,1370533,198,D,1154,1141
Indamin,20160413,1142,1142,1095,1109,1766839684,1593591,219,D,1152,1119
Indamin,20160416,1110,1110,1054,1060,1198969243,1130942,170,D,1109,1054
Indamin,20160417,1007,1080,1007,1035,1100043494,1062946,149,D,1060,1066
Indamin,20160418,1080,1086,1050,1084,1011817025,933389,110,D,1035,1086
Indamin,20160419,1099,1120,1033,1067,1016652628,953045,133,D,1084,1061
Indamin,20160420,1040,1048,1026,1033,702672778,679937,91,D,1067,1048
Indamin,20160423,1068,1078,1041,1058,1084424595,1025075,139,D,1033,1053
Indamin,20160424,1050,1110,1050,1104,2481272140,2247656,275,D,1058,1110
Indamin,20160425,1138,1148,1080,1119,1488296625,1329888,190,D,1104,1089
Indamin,20160426,1100,1120,1072,1095,854095341,779718,111,D,1119,1090
Indamin,20160427,1120,1130,1090,1114,1387760362,1246296,202,D,1095,1100
Indamin,20160430,1083,1114,1060,1079,1519172103,1407706,192,D,1114,1080
Indamin,20160501,1114,1114,1055,1063,1693964042,1593569,164,D,1079,1061
Indamin,20160502,1057,1099,1056,1081,1033635486,956607,146,D,1063,1081
Indamin,20160503,1081,1083,1054,1068,835875159,782862,90,D,1081,1061
Indamin,20160504,1052,1095,1052,1081,1519065070,1405540,144,D,1068,1075
Indamin,20160507,1095,1109,1057,1075,952724054,886536,130,D,1081,1060
Indamin,20160508,1061,1089,1045,1060,1401743031,1322349,185,D,1075,1062
Indamin,20160509,1050,1085,1050,1074,2076513342,1934214,189,D,1060,1078
Indamin,20160510,1060,1062,1036,1051,899769146,856150,116,D,1074,1040
Indamin,20160511,1059,1059,1000,1010,1137002143,1126021,185,D,1051,1022
Indamin,20160514,1012,1055,1010,1034,1190319275,1150820,132,D,1010,1034
Indamin,20160515,1050,1050,995,1010,1949734520,1930920,235,D,1034,1013
Indamin,20160516,1020,1025,1000,1007,1129006304,1121137,195,D,1010,1005
Indamin,20160517,1020,1020,991,1008,1201665914,1192294,202,D,1007,1005
Indamin,20160518,1000,1058,1000,1047,2185239714,2087417,237,D,1008,1058
Indamin,20160521,1089,1099,1080,1097,3213375998,2928534,277,D,1047,1099
Indamin,20160523,1130,1150,1100,1135,4110889188,3622899,495,D,1097,1120
Indamin,20160524,1135,1136,1085,1098,1999533556,1821538,242,D,1135,1086
Indamin,20160525,1080,1090,1060,1070,1389820553,1298661,149,D,1098,1080
Indamin,20160528,1071,1107,1051,1072,888089706,828270,143,D,1070,1053
Indamin,20160529,1080,1090,1025,1037,1265851833,1220713,177,D,1072,1046
Indamin,20160530,1032,1065,1032,1047,582635985,556384,90,D,1037,1040
Indamin,20160531,1039,1045,1020,1026,682556508,665024,99,D,1047,1030
Indamin,20160601,1021,1077,1010,1064,2038028709,1914747,277,D,1026,1076
Indamin,20160605,1077,1106,1060,1090,1623049287,1489021,183,D,1064,1084
Indamin,20160606,1070,1080,1037,1044,2112152946,2022441,233,D,1090,1043
Indamin,20160607,1036,1054,1029,1032,518919985,502938,90,D,1044,1035
Indamin,20160608,1035,1050,1029,1035,451760095,436195,118,D,1032,1034
Indamin,20160611,1031,1045,992,1006,1249525031,1242200,166,D,1035,998
Indamin,20160619,989,989,941,948,347143017,366019,66,D,1006,950
Indamin,20160620,905,956,905,942,465585926,494561,79,D,948,931
Indamin,20160621,930,975,903,944,838289219,888220,140,D,942,975
Indamin,20160622,980,991,978,989,679443907,686690,119,D,944,991
Indamin,20160625,1017,1017,950,970,633138024,652886,76,D,989,951
Indamin,20160626,950,1013,945,993,758349408,763581,172,D,970,1005
Indamin,20160628,1025,1042,1020,1039,3482529514,3350327,340,D,993,1038
Indamin,20160629,1030,1046,990,1010,2276241725,2253423,276,D,1039,990
Indamin,20160702,1000,1014,980,992,1344894015,1355466,145,D,1010,1004
Indamin,20160703,994,1018,980,1006,951401159,946100,126,D,992,990
Indamin,20160704,1000,1000,960,967,1577649372,1632115,258,D,1006,960
Indamin,20160705,945,980,933,965,472473401,489661,78,D,967,972
Indamin,20160709,955,970,935,954,439327256,461331,100,D,965,952
Indamin,20160710,956,976,936,952,526931238,553268,72,D,954,950
Indamin,20160711,950,959,940,951,691589907,727554,82,D,952,951
Indamin,20160712,941,970,930,945,560165891,592706,136,D,951,930
Indamin,20160713,938,960,931,944,218730959,231950,46,D,945,945
Indamin,20160716,949,950,911,928,831251031,896217,115,D,944,912
Indamin,20160717,911,958,911,935,715920099,765481,116,D,928,921
Indamin,20160718,949,949,915,929,322551891,348337,59,D,935,920
Indamin,20160719,918,940,918,931,507874038,545556,100,D,929,927
Indamin,20160720,951,951,923,944,604809541,641015,112,D,931,939
Indamin,20160723,957,991,957,986,1753101473,1777609,184,D,944,991
Indamin,20160724,1000,1022,968,990,1556000167,1572505,262,D,986,980
Indamin,20160725,990,990,950,962,1766613480,1836758,237,D,990,953
Indamin,20160726,953,969,942,958,339536132,354973,67,D,962,969
Indamin,20160727,954,988,954,977,1020921115,1045324,145,D,958,969
Indamin,20160731,959,990,959,974,579477244,594752,80,D,977,959
Indamin,20160801,956,957,940,947,621766510,656568,96,D,974,943
Indamin,20160802,935,959,930,941,552779104,587325,102,D,947,953
Indamin,20160803,975,975,946,955,356125116,370610,49,D,941,946
Indamin,20160806,944,968,940,955,2022987033,2118383,135,D,955,945
Indamin,20160807,945,969,945,957,701981487,733460,85,D,955,959
Indamin,20160808,942,959,933,941,1269104830,1348057,156,D,957,933
Indamin,20160809,932,943,929,934,602632791,645509,105,D,941,933
Indamin,20160810,931,952,931,943,957982249,1015994,108,D,934,934
Indamin,20160813,931,967,931,952,743931792,781673,105,D,943,950
Indamin,20160814,950,950,930,935,1040293230,1113106,129,D,952,935
Indamin,20160815,935,948,931,937,407642739,434618,75,D,935,932
Indamin,20160816,930,983,930,967,2866222692,2964895,327,D,937,983
Indamin,20160817,1015,1015,1015,1015,1201559030,1183802,93,D,967,1015
Indamin,20160820,1065,1065,1065,1048,348316770,327058,49,D,1015,1065
Indamin,20160821,1100,1100,1100,1100,12658552500,11507775,634,D,1048,1100
Indamin,20160822,1120,1155,1112,1147,20866230816,18198691,1411,D,1100,1152
Indamin,20160823,1130,1173,1090,1112,4912176968,4418663,491,D,1147,1090
Indamin,20160824,1089,1119,1058,1084,4604110858,4248153,445,D,1112,1092
Indamin,20160827,1092,1138,1068,1129,7080479932,6271181,617,D,1084,1133
Indamin,20160828,1146,1146,1073,1089,2008054719,1843975,281,D,1129,1073
Indamin,20160829,1041,1143,1041,1132,9786023407,8647301,696,D,1089,1143
Indamin,20160830,1151,1188,1151,1184,11742977422,9917052,766,D,1132,1165
Indamin,20160831,1190,1200,1130,1172,5443077262,4645841,489,D,1184,1130
Indamin,20160903,1154,1174,1114,1123,3022515694,2692639,242,D,1172,1114
Indamin,20160904,1111,1131,1070,1084,1945946672,1794466,187,D,1123,1077
Indamin,20160905,1090,1108,1051,1073,1437977920,1339667,168,D,1084,1075
Indamin,20160906,1060,1126,1060,1122,3957683566,3526452,281,D,1073,1126
Indamin,20160907,1155,1178,1136,1174,11400725587,9707596,894,D,1122,1178
Indamin,20160910,1232,1232,1200,1227,11183449879,9114513,773,D,1174,1232
Indamin,20160911,1268,1288,1250,1286,3962988640,3082833,218,D,1227,1288
Indamin,20160913,1346,1350,1339,1347,3493427421,2593532,178,D,1286,1350
Indamin,20160914,1414,1414,1300,1394,26771618325,19202225,1540,D,1347,1414
Indamin,20160917,1430,1461,1402,1434,9146919719,6376863,724,D,1394,1456
Indamin,20160918,1465,1499,1363,1423,5596768054,3932482,532,D,1434,1363
Indamin,20160919,1375,1494,1371,1474,5703592417,3869495,310,D,1423,1494
Indamin,20160921,1547,1547,1506,1545,18278867227,11827903,806,D,1474,1547
Indamin,20160924,1580,1618,1468,1533,14687435642,9582427,996,D,1545,1495
Indamin,20160925,1535,1609,1457,1534,27172095337,17716856,1462,D,1533,1457
Indamin,20160926,1458,1480,1458,1461,9848012830,6742221,536,D,1534,1458
Indamin,20160927,1430,1488,1388,1401,26856543340,19176004,1603,D,1461,1388
Indamin,20160928,1369,1432,1350,1389,11059403424,7963683,871,D,1401,1380
Indamin,20161001,1400,1419,1356,1378,7554123191,5482303,566,D,1389,1370
Indamin,20161002,1388,1420,1350,1403,7133825259,5083475,609,D,1378,1410
Indamin,20161003,1419,1453,1383,1421,9038954968,6361432,695,D,1403,1400
Indamin,20161004,1420,1435,1351,1378,7680600087,5571752,612,D,1421,1351
Indamin,20161005,1350,1387,1332,1360,2711449038,1993254,266,D,1378,1387
Indamin,20161008,1412,1428,1385,1422,5978404109,4203655,369,D,1360,1428
Indamin,20161009,1451,1493,1446,1479,10679439735,7221450,808,D,1422,1451
Indamin,20161010,1450,1484,1421,1448,3894703578,2689766,347,D,1479,1445
Indamin,20161015,1440,1485,1376,1391,4090000138,2939367,353,D,1448,1376
Indamin,20161016,1350,1397,1325,1342,3516869337,2621337,341,D,1391,1325
Indamin,20161017,1320,1382,1320,1362,2428935841,1783908,218,D,1342,1368
Indamin,20161018,1400,1418,1361,1393,2122033761,1523470,218,D,1362,1388
Indamin,20161019,1361,1410,1361,1390,1397605360,1005252,158,D,1393,1364
Indamin,20161219,1274,1274,1211,1231,6275855103,5098232,415,D,1390,1211
Indamin,20161220,1170,1200,1170,1175,1311667500,1115982,86,D,1231,1170
Indamin,20161221,1117,1169,1117,1135,5940293674,5235087,567,D,1175,1150
Indamin,20161224,1183,1191,1158,1188,5128965080,4317191,374,D,1135,1175
Indamin,20161225,1162,1215,1162,1186,2478629131,2090769,180,D,1188,1168
Indamin,20161226,1165,1165,1127,1137,2144563237,1886186,209,D,1186,1127
Indamin,20161227,1101,1128,1081,1093,1683179966,1539435,170,D,1137,1091
Indamin,20161228,1100,1147,1100,1141,1630117893,1429181,144,D,1093,1147
Indamin,20161231,1198,1198,1198,1198,1452298262,1212269,98,D,1141,1198
Indamin,20170101,1257,1257,1150,1202,6583622183,5479369,517,D,1198,1150
Indamin,20170102,1145,1179,1142,1147,5812979504,5068919,483,D,1202,1142
Indamin,20170103,1120,1139,1090,1092,7030537515,6439857,670,D,1147,1090
Indamin,20170104,1054,1086,1038,1044,7067634861,6771304,657,D,1092,1048
Indamin,20170107,1048,1055,992,999,5550040618,5555617,570,D,1044,992
Indamin,20170108,995,1019,967,993,2503175885,2521774,279,D,999,988
Indamin,20170109,998,998,944,945,5281135985,5585689,444,D,993,944
Indamin,20170111,960,960,901,916,3167816611,3459069,364,D,945,930
Indamin,20170114,921,961,921,961,4678618255,4870419,415,D,916,961
Indamin,20170115,970,980,939,954,2759543639,2892929,341,D,961,964
Indamin,20170116,938,945,910,926,1345885984,1454143,193,D,954,930
Indamin,20170117,901,960,901,935,1504403508,1608265,190,D,926,920
Indamin,20170118,930,955,889,904,18034981383,19956274,1568,D,935,930
Indamin,20170121,920,949,914,941,5529507451,5877704,654,D,904,940
Indamin,20170122,930,951,915,929,2233022238,2404887,332,D,941,915
Indamin,20170123,936,936,910,920,2219429256,2412029,261,D,929,917
Indamin,20170124,923,949,917,931,1945953198,2089184,326,D,920,935
Indamin,20170125,945,948,920,928,1679977217,1809967,228,D,931,925
Indamin,20170128,943,974,915,955,6432948011,6736062,642,D,928,974
Indamin,20170129,974,994,956,973,3272636634,3365060,335,D,955,970
Indamin,20170130,974,1018,959,992,6475902696,6526316,642,D,973,999
Indamin,20170131,996,1010,943,960,4151137277,4325959,590,D,992,943
Indamin,20170201,941,941,912,923,3157184787,3418887,380,D,960,920
Indamin,20170204,921,933,898,905,1810642764,2001021,256,D,923,900
Indamin,20170205,900,910,860,887,1591869592,1794421,231,D,905,888
Indamin,20170206,888,920,888,904,839351992,928593,98,D,887,899
Indamin,20170207,929,929,900,910,813994978,894690,137,D,904,903
Indamin,20170208,920,920,896,900,919583500,1021772,108,D,910,900
Indamin,20170211,895,900,870,886,1639944852,1851837,217,D,900,889
Indamin,20170212,888,894,880,886,829905687,936480,103,D,886,887
Indamin,20170213,900,902,880,890,686203977,771207,106,D,886,891
Indamin,20170214,900,902,870,884,726660168,822218,108,D,890,889
Indamin,20170215,868,928,867,920,4012572406,4359825,416,D,884,928
Indamin,20170218,939,966,930,958,2892068146,3018046,359,D,920,966
Indamin,20170527,955,957,930,950,1127913535,1187119,90,D,958,935
Indamin,20170528,928,940,903,911,5593962489,6141168,559,D,950,910
Indamin,20170529,926,926,880,897,2063761856,2300999,264,D,911,890
Indamin,20170530,885,910,881,894,1813732991,2028010,200,D,897,901
Indamin,20170531,909,920,895,906,1080821896,1192585,141,D,894,901
Indamin,20170603,929,930,890,905,1224963807,1353746,151,D,906,900
Indamin,20170606,916,916,890,893,1185172367,1327127,125,D,905,890
Indamin,20170607,890,908,849,881,1579799569,1792310,162,D,893,870
Indamin,20170610,881,910,872,883,471642439,534045,73,D,881,883
Indamin,20170611,888,888,860,868,459658830,530334,79,D,883,864
Indamin,20170612,862,900,862,884,1441263565,1630117,166,D,868,900
Indamin,20170613,910,928,906,926,3707758605,4005050,396,D,884,928
Indamin,20170614,937,968,925,948,2766612459,2918244,380,D,926,957
Indamin,20170617,951,953,901,909,2252921913,2477451,287,D,948,903
Indamin,20170618,904,911,887,904,656066607,725496,103,D,909,900
Indamin,20170619,901,901,893,899,665850062,740768,82,D,904,894
Indamin,20170620,917,919,880,896,331139191,370306,68,D,899,887
Indamin,20170621,915,925,869,884,2924247010,3306253,416,D,896,891
Indamin,20170624,876,897,864,882,1547646834,1755392,216,D,884,878
Indamin,20170625,868,892,868,885,444309534,501747,75,D,882,885
Indamin,20170628,888,888,875,881,439713624,499288,95,D,885,879
Indamin,20170701,892,892,859,873,3227250340,3694700,449,D,881,870
Indamin,20170705,862,879,861,867,761756760,878293,73,D,873,872
Indamin,20170708,865,910,865,899,1768338296,1967014,254,D,867,910
Indamin,20170709,880,940,880,921,2407669794,2614337,306,D,899,901
Indamin,20170710,927,950,910,932,1871787715,2008611,221,D,921,919
Indamin,20170711,905,915,890,899,1302425036,1448895,163,D,932,900
Indamin,20170712,882,900,882,888,746133278,840175,101,D,899,893
Indamin,20170715,884,890,880,884,885550666,1002033,106,D,888,888
Indamin,20170716,898,900,875,886,1055076909,1190313,125,D,884,881
Indamin,20170717,895,895,872,880,643297750,731107,85,D,886,885
Indamin,20170718,893,905,884,893,962424265,1078061,142,D,880,890
Indamin,20170719,905,936,888,921,2143960773,2327064,284,D,893,935
Indamin,20170722,937,950,918,938,2043712302,2178290,292,D,921,949
Indamin,20170723,930,947,921,932,1052404805,1129348,172,D,938,921
Indamin,20170724,910,948,910,929,1694568943,1824714,194,D,932,935
Indamin,20170725,920,975,915,971,6694083604,6892728,652,D,929,975
Indamin,20170726,972,975,923,939,2597338089,2765001,342,D,971,940
Indamin,20170729,954,954,922,935,944149882,1010063,133,D,939,928
Indamin,20170730,923,967,915,942,1833195844,1946111,236,D,935,927
Indamin,20170731,955,989,931,987,5823766767,5900871,549,D,942,989
Indamin,20170801,993,1018,955,986,1919985844,1948190,228,D,987,963
Indamin,20170802,988,988,940,947,1509110666,1592817,243,D,986,948
Indamin,20170806,941,981,941,966,599919596,621171,87,D,947,960
Indamin,20170807,963,969,920,933,1480094640,1586917,163,D,966,927
Indamin,20170808,920,930,918,921,489408694,531434,91,D,933,920
Indamin,20170809,920,940,920,932,619609171,665026,105,D,921,938
Indamin,20170812,918,956,909,918,977338906,1064348,121,D,932,911
Indamin,20170813,911,939,888,903,1049034243,1161242,134,D,918,888
Indamin,20170814,909,914,889,897,708466639,789948,101,D,903,889
Indamin,20170815,896,935,896,912,639028875,700797,78,D,897,900
Indamin,20170816,930,937,900,913,525831076,575626,79,D,912,904
Indamin,20170819,935,935,901,918,1541786172,1679041,123,D,913,929
Indamin,20170820,933,933,902,913,617055646,675817,63,D,918,904
Indamin,20170821,934,934,900,903,889070699,984322,122,D,913,900
Indamin,20170822,900,918,900,904,335829488,371006,45,D,903,903
Indamin,20170823,901,921,899,911,1005795661,1103746,116,D,904,919
Indamin,20170826,919,925,910,918,837670809,912362,100,D,911,919
Indamin,20170827,910,936,900,918,1284098412,1399455,175,D,918,930
Indamin,20170828,921,963,921,959,4212063646,4391093,352,D,918,963
Indamin,20170829,960,979,930,951,1771820714,1862571,201,D,959,940
Indamin,20170830,934,963,934,950,1509074993,1589275,163,D,951,951
Indamin,20170902,941,990,941,963,4336631092,4503915,394,D,950,990
Indamin,20170903,990,996,952,978,2912951433,2979559,300,D,963,970
Indamin,20170904,970,997,970,980,1656490721,1691131,208,D,978,990
Indamin,20170905,958,1013,950,998,2700570166,2705325,337,D,980,998
Indamin,20170906,978,1047,978,1036,3563665499,3440709,364,D,998,1047
Indamin,20170910,1087,1087,1087,1087,1523243536,1401328,114,D,1036,1087
Indamin,20170911,1120,1141,1034,1099,25194749306,22923843,2207,D,1087,1141
Indamin,20170912,1140,1153,1110,1148,1812566694,1579017,185,D,1099,1153
Indamin,20170913,1197,1205,1150,1192,11830057478,9923038,1078,D,1148,1192
Indamin,20170916,1177,1200,1133,1146,8604900561,7506631,818,D,1192,1150
Indamin,20170917,1125,1203,1125,1194,7152855362,5992975,557,D,1146,1203
Indamin,20170918,1245,1253,1205,1230,5859795828,4765787,521,D,1194,1215
Indamin,20170919,1237,1250,1202,1226,5904400102,4816892,526,D,1230,1204
Indamin,20170920,1220,1287,1201,1279,8343258947,6523542,592,D,1226,1287
Indamin,20170923,1336,1342,1300,1333,9435012574,7079921,758,D,1279,1340
Indamin,20170924,1370,1389,1300,1343,5922840536,4408561,548,D,1333,1386
Indamin,20170925,1384,1404,1360,1389,6181213471,4450343,510,D,1343,1380
Indamin,20170926,1400,1420,1366,1397,7808201060,5588905,562,D,1389,1371
Indamin,20170927,1417,1417,1351,1381,6175622299,4472007,472,D,1397,1360
Indamin,20171002,1321,1387,1312,1316,1773627631,1348161,173,D,1381,1312
Indamin,20171003,1251,1329,1251,1270,6703268946,5278576,574,D,1316,1255
Indamin,20171004,1231,1317,1231,1283,2406583518,1875818,272,D,1270,1290
Indamin,20171007,1281,1335,1226,1299,6907321200,5316815,554,D,1283,1261
Indamin,20171008,1298,1315,1251,1282,2608061443,2034509,270,D,1299,1285
Indamin,20171009,1300,1308,1250,1272,1990455395,1564294,256,D,1282,1275
Indamin,20171010,1288,1289,1247,1269,1477769875,1164966,167,D,1272,1260
Indamin,20171011,1286,1300,1260,1279,2290395908,1791378,269,D,1269,1286
Indamin,20171014,1290,1342,1290,1322,4790329837,3623792,457,D,1279,1300
Indamin,20171015,1270,1337,1260,1293,1914134866,1479952,227,D,1322,1280
Indamin,20171016,1299,1299,1255,1270,1102920882,868161,168,D,1293,1289
Indamin,20171017,1230,1270,1207,1226,5051844998,4120986,440,D,1270,1234
Indamin,20171018,1263,1270,1218,1243,2350065708,1891182,269,D,1226,1245
Indamin,20171021,1299,1300,1260,1286,2938212777,2284782,244,D,1243,1300
Indamin,20171022,1314,1345,1286,1313,2072596171,1578549,256,D,1286,1309
Indamin,20171023,1319,1319,1248,1256,1880847402,1497451,218,D,1313,1269
Indamin,20171024,1270,1292,1241,1266,1596294434,1260825,245,D,1256,1258
Indamin,20171025,1290,1290,1212,1230,1196554383,973022,169,D,1266,1260
Indamin,20171028,1255,1255,1169,1195,2593436479,2170271,338,D,1230,1180
Indamin,20171029,1180,1220,1142,1164,1754247186,1506651,228,D,1195,1171
Indamin,20171030,1151,1222,1146,1215,4219001256,3472350,287,D,1164,1222
Indamin,20171031,1240,1275,1230,1268,1974329258,1556847,142,D,1215,1275
Indamin,20171101,1323,1331,1280,1315,6421639066,4882493,587,D,1268,1331
Indamin,20171104,1380,1380,1354,1379,7244826861,5255386,446,D,1315,1380
Indamin,20171105,1443,1443,1370,1408,7856217275,5580577,588,D,1379,1378
Indamin,20171106,1400,1400,1338,1340,7357304421,5490660,644,D,1408,1338
Indamin,20171107,1338,1338,1273,1282,4380496172,3418232,418,D,1340,1273
Indamin,20171108,1274,1310,1241,1286,2496202744,1941619,263,D,1282,1280
Indamin,20171111,1259,1275,1222,1230,3143282363,2556479,328,D,1286,1222
Indamin,20171112,1203,1230,1187,1201,2048931972,1705899,248,D,1230,1217
Indamin,20171113,1190,1242,1163,1198,2547291085,2125520,327,D,1201,1208
Indamin,20171114,1230,1230,1182,1198,1478513792,1234594,212,D,1198,1195
Indamin,20171115,1214,1214,1166,1176,1658205404,1410260,236,D,1198,1172
Indamin,20171118,1192,1200,1161,1178,1639143753,1391544,182,D,1176,1192
Indamin,20171120,1192,1192,1166,1174,1231516293,1049233,147,D,1178,1181
Indamin,20171121,1199,1199,1160,1169,996626574,852286,132,D,1174,1165
Indamin,20171122,1178,1183,1164,1174,2096959361,1785497,217,D,1169,1170
Indamin,20171125,1180,1209,1116,1129,5942891037,5265120,642,D,1174,1116
Indamin,20171126,1090,1130,1073,1077,7734732102,7181107,749,D,1129,1075
Indamin,20171128,1080,1084,1024,1035,6397939965,6180314,633,D,1077,1029
Indamin,20171129,1006,1067,1006,1042,3082035309,2958798,365,D,1035,1050
Indamin,20171202,1050,1069,1025,1052,2162526724,2055123,247,D,1042,1050
Indamin,20171203,1050,1059,1022,1038,1362732893,1312419,196,D,1052,1040
Indamin,20171204,1038,1040,1010,1017,1158290618,1138799,195,D,1038,1016
Indamin,20171205,1036,1050,1010,1024,1466852177,1432211,220,D,1017,1010
Indamin,20171209,1040,1075,1021,1059,3340052231,3155024,371,D,1024,1075
Indamin,20171210,1094,1094,1028,1058,2059112618,1945595,245,D,1059,1040
Indamin,20171211,1050,1100,1010,1056,4277553564,4049121,481,D,1058,1040
Indamin,20171212,1049,1070,1020,1030,1717480565,1667330,250,D,1056,1026
Indamin,20171213,1040,1040,1013,1020,1880331194,1843033,227,D,1030,1038
Indamin,20171216,1015,1040,1015,1026,482553416,470041,94,D,1020,1029
Indamin,20171217,1018,1060,1018,1034,1141907363,1104696,134,D,1026,1022
Indamin,20171218,1028,1080,1027,1059,1708300373,1613593,263,D,1034,1059
Indamin,20171219,1050,1069,1025,1040,1486813263,1430068,198,D,1059,1027
Indamin,20171220,1045,1050,1013,1020,2350468736,2304893,305,D,1040,1020
Indamin,20171223,1035,1035,1018,1023,618574879,604638,82,D,1020,1026
Indamin,20171224,1021,1037,1006,1015,3546375218,3493874,384,D,1023,1019
Indamin,20171225,1000,1011,976,985,3751287197,3807242,484,D,1015,976
Indamin,20171226,976,990,967,976,1560863965,1599570,202,D,985,967
Indamin,20171227,968,997,960,972,1505160165,1548257,241,D,976,967
Indamin,20171230,972,972,924,943,2390915556,2534953,370,D,972,931
Indamin,20171231,930,930,896,897,2500147570,2787881,299,D,943,896
Indamin,20180101,861,919,861,906,1333954757,1472390,222,D,897,898
Indamin,20180102,892,898,863,875,2347451523,2682149,264,D,906,873
Indamin,20180103,890,890,849,857,1259094001,1469402,186,D,875,860
Indamin,20180106,870,899,870,896,660446300,737014,91,D,857,899
Indamin,20180107,940,940,917,938,2806250906,2993202,305,D,896,940
Indamin,20180108,959,979,941,966,3199440615,3310626,370,D,938,976
Indamin,20180109,970,970,919,932,1672206068,1794392,233,D,966,930
Indamin,20180110,906,947,901,927,1130254207,1219442,120,D,932,940
Indamin,20180113,949,970,934,948,692519000,730258,96,D,927,945
Indamin,20180114,945,945,925,935,387761844,416301,73,D,948,938
Indamin,20180115,927,930,910,915,530943709,580583,91,D,935,915
Indamin,20180116,920,921,880,896,1262114053,1409053,196,D,915,896
Indamin,20180117,887,909,870,887,1999280802,2254793,271,D,896,907
Indamin,20180120,894,921,890,903,771347906,854568,109,D,887,910
Indamin,20180121,883,900,869,875,1904482255,2176966,206,D,903,871
Indamin,20180122,896,896,873,887,775617155,874743,93,D,875,890
Indamin,20180123,900,915,883,898,1009767747,1124667,142,D,887,899
Indamin,20180124,913,913,884,890,532763082,598623,99,D,898,885
Indamin,20180127,886,912,880,899,1162421612,1292541,166,D,890,909
Indamin,20180128,909,909,890,899,706702222,786265,95,D,899,891
Indamin,20180129,883,903,882,886,940130919,1060602,134,D,899,887
Indamin,20180130,899,913,891,902,978118265,1083831,139,D,886,898
Indamin,20180131,909,923,890,906,1060018010,1170341,150,D,902,890
Indamin,20180203,890,915,888,901,336425536,374505,68,D,906,900
Indamin,20180204,897,946,897,942,1454580417,1544128,134,D,901,946
Indamin,20180205,989,989,960,986,8445792157,8563958,656,D,942,989
Indamin,20180206,1000,1020,951,990,2890684492,2920419,323,D,986,970
Indamin,20180207,970,1019,942,984,3455476594,3512693,428,D,990,973
Indamin,20180210,1000,1000,940,974,2543987734,2611116,270,D,984,982
Indamin,20180212,1000,1022,999,1018,3164464071,3107179,303,D,974,1022
Indamin,20180213,1035,1051,989,1016,3999523203,3937088,413,D,1018,1010
Indamin,20180214,1005,1049,1004,1024,2424191842,2366806,279,D,1016,1020
Indamin,20180217,1037,1050,1000,1023,2838169149,2774612,335,D,1024,1020
Indamin,20180218,1020,1030,974,988,1128787127,1142560,144,D,1023,990
Indamin,20180219,988,1013,980,1001,1078043258,1077000,138,D,988,1011
Indamin,20180221,960,1051,960,1044,7532051131,7211159,643,D,1001,1051
Indamin,20180224,1096,1096,1076,1095,8328504898,7602487,559,D,1044,1096
Indamin,20180225,1125,1149,1050,1139,15940349117,13999609,1273,D,1095,1149
Indamin,20180226,1170,1186,1092,1145,6093259307,5323207,789,D,1139,1110
Indamin,20180227,1100,1145,1088,1096,8532601214,7787003,751,D,1145,1093
Indamin,20180228,1070,1150,1070,1146,7979055082,6962606,674,D,1096,1150
Indamin,20180303,1179,1180,1100,1136,4883711041,4299415,522,D,1146,1111
Indamin,20180304,1113,1125,1087,1100,4699147205,4272331,440,D,1136,1110
Indamin,20180305,1082,1124,1045,1067,2895540993,2714136,316,D,1100,1045
Indamin,20180306,1040,1045,1014,1017,2111939457,2076124,263,D,1067,1014
Indamin,20180307,995,1010,967,973,5980683070,6145323,563,D,1017,969
Indamin,20180310,951,1007,951,981,1663546952,1696426,218,D,973,957
Indamin,20180311,957,958,932,938,2694886010,2874200,313,D,981,950
Indamin,20180312,931,975,920,942,1371478529,1455393,237,D,938,930
Indamin,20180313,925,950,920,932,724489396,777534,120,D,942,931
Indamin,20180314,948,964,940,949,654745782,690037,118,D,932,954
Indamin,20180317,962,993,940,971,1332822567,1372339,227,D,949,970
Indamin,20180318,985,1010,965,988,482955104,487949,105,D,971,969
Indamin,20180319,972,1013,971,993,1086917323,1094706,115,D,988,999
Indamin,20180325,971,992,970,992,35145730,36084,11,D,993,991
Indamin,20180326,980,988,975,983,460499173,468939,64,D,992,981
Indamin,20180327,975,975,934,937,846336736,903355,120,D,983,950
Indamin,20180328,940,978,930,953,553835057,581364,116,D,937,978
Indamin,20180403,995,995,970,971,334230255,340723,43,D,953,982
Indamin,20180404,970,987,941,957,376865254,395771,94,D,971,944
Indamin,20180407,940,954,921,928,752095274,810146,116,D,957,921
Indamin,20180408,915,915,892,900,845290496,938795,147,D,928,900
Indamin,20180409,890,891,855,863,2578933020,2987680,332,D,900,855
Indamin,20180410,901,906,890,905,1872514822,2068146,146,D,863,906
Indamin,20180411,901,901,860,863,2103997185,2437573,215,D,905,860
Indamin,20180415,865,870,856,861,519275699,602887,71,D,863,866
Indamin,20180416,858,904,858,903,3021688856,3344581,211,D,861,904
Indamin,20180417,918,918,863,880,1879084779,2135351,235,D,903,882
Indamin,20180418,882,897,870,877,672485243,766388,92,D,880,882
Indamin,20180421,889,897,864,886,487760543,550031,89,D,877,895
Indamin,20180422,877,885,864,872,691631218,793426,81,D,886,881
Indamin,20180423,885,893,878,884,490774499,555117,74,D,872,890
Indamin,20180424,890,919,890,907,1019602544,1123660,185,D,884,902
Indamin,20180425,901,919,883,903,923754165,1022884,151,D,907,906
Indamin,20180428,900,900,866,873,487689397,558705,105,D,903,871
Indamin,20180429,880,890,871,874,217541290,248329,46,D,873,871
Indamin,20180430,897,900,873,887,581767155,656249,57,D,874,898
Indamin,20180501,895,900,871,887,734303201,828191,108,D,887,871
Indamin,20180505,870,880,856,869,432990560,499696,97,D,887,856
Indamin,20180506,854,870,826,833,1490616241,1790427,209,D,869,845
Indamin,20180507,845,859,805,830,1175842796,1416861,197,D,833,859
Indamin,20180508,858,871,850,867,1450527800,1672495,171,D,830,867
Indamin,20180509,831,860,824,832,1343761839,1615543,183,D,867,830
Indamin,20180512,838,853,831,836,250207760,297893,42,D,832,846
Indamin,20180513,868,877,857,875,589324607,673187,109,D,836,877
Indamin,20180514,898,918,898,912,496083056,541841,60,D,875,918
Indamin,20180515,925,955,883,916,2179375570,2378312,282,D,912,890
Indamin,20180516,883,904,875,887,998378137,1125437,136,D,916,879
Indamin,20180519,900,931,881,921,1385523274,1504997,165,D,887,901
Indamin,20180520,910,938,896,917,997205374,1087949,135,D,921,900
Indamin,20180521,900,900,872,881,1604498962,1822181,217,D,917,873
Indamin,20180522,862,889,862,872,907441932,1040549,137,D,881,872
Indamin,20180523,868,900,868,891,1179424278,1324135,140,D,872,900
Indamin,20180526,901,910,870,887,1192857441,1344946,136,D,891,875
Indamin,20180527,887,923,874,906,1783217862,1967856,213,D,887,900
Indamin,20180528,923,923,891,902,910369817,1009180,107,D,906,894
Indamin,20180529,890,923,890,913,1578694937,1728492,201,D,902,910
Indamin,20180530,895,912,890,897,490333870,547132,70,D,913,892
Indamin,20180602,890,918,885,896,634160530,707968,82,D,897,903
Indamin,20180603,909,909,871,889,633696805,712720,115,D,896,890
Indamin,20180609,896,896,858,869,996059080,1146297,170,D,889,867
Indamin,20180610,880,880,853,863,631648447,731734,95,D,869,858
Indamin,20180611,870,885,858,866,1432106602,1653660,140,D,863,868
Indamin,20180612,877,883,863,874,733159559,839172,116,D,866,870
Indamin,20180613,882,917,882,913,2572182136,2817449,280,D,874,917
Indamin,20180617,930,958,930,951,2182167594,2295253,253,D,913,958
Indamin,20180618,970,990,904,957,3695271171,3862809,402,D,951,944
Indamin,20180619,912,957,911,923,1565342005,1696530,172,D,957,916
Indamin,20180620,944,944,906,922,2924592866,3171447,353,D,923,935
Indamin,20180623,968,968,951,967,1812068807,1873106,175,D,922,968
Indamin,20180624,1000,1000,950,968,1573744524,1624932,227,D,967,962
Indamin,20180625,977,977,920,935,3811609416,4078509,373,D,968,947
Indamin,20180626,920,944,903,920,1197408723,1301262,135,D,935,911
Indamin,20180627,921,948,876,909,939647857,1034208,124,D,920,910
Indamin,20180704,940,954,883,951,3050942803,3208135,269,D,909,954
Indamin,20180707,952,990,952,970,2878829127,2968267,336,D,951,960
Indamin,20180708,941,941,922,926,1563271816,1688990,173,D,970,922
Indamin,20180710,891,900,880,888,1906479573,2146511,239,D,926,898
Indamin,20180711,891,920,861,891,1432006043,1606470,234,D,888,883
Indamin,20180714,916,935,888,912,1083739045,1188193,137,D,891,920
Indamin,20180715,920,924,888,908,602478116,663361,80,D,912,915
Indamin,20180716,914,953,880,934,3324755920,3559442,411,D,908,953
Indamin,20180717,980,980,980,980,1883152320,1921584,121,D,934,980
Indamin,20180718,1029,1029,970,1020,9762774466,9569178,706,D,980,1009
Indamin,20180721,1015,1071,989,1059,6453806778,6093104,551,D,1020,1071
Indamin,20180722,1079,1094,1010,1046,4961803027,4743402,647,D,1059,1025
Indamin,20180723,994,1023,994,994,1162566467,1169388,121,D,1046,994
Indamin,20180724,953,1000,945,962,2244735903,2333783,279,D,994,945
Indamin,20180725,935,945,914,917,3399650876,3705990,346,D,962,914
Indamin,20180728,887,939,887,895,1819531148,2032522,242,D,917,913
Indamin,20180729,890,938,888,908,3124482672,3442801,379,D,895,905
Indamin,20180730,893,893,863,869,4684749020,5388415,571,D,908,871
Indamin,20180731,894,912,871,909,2388224539,2625916,226,D,869,912
Indamin,20180801,921,954,911,945,5499187544,5821825,560,D,909,930
Indamin,20180804,930,930,898,900,2417778938,2687494,255,D,945,898
Indamin,20180805,920,935,887,903,2106545983,2332197,226,D,900,910
Indamin,20180806,892,918,870,890,1185278638,1331572,151,D,903,885
Indamin,20180807,899,934,878,916,3267019942,3567008,293,D,890,934
Indamin,20180808,960,960,904,931,1445484061,1552603,145,D,916,930
Indamin,20180811,933,954,890,917,1733119911,1889813,233,D,931,911
Indamin,20180812,929,962,902,944,3101483258,3286880,409,D,917,952
Indamin,20180813,974,974,922,945,3716358440,3933785,365,D,944,940
Indamin,20180814,930,970,912,949,2182913472,2299717,290,D,945,950
Indamin,20180815,949,950,917,930,3070672378,3301671,295,D,949,948
Indamin,20180818,950,970,938,960,2706892946,2820061,269,D,930,969
Indamin,20180819,971,990,960,973,2828348653,2905482,286,D,960,980
Indamin,20180820,980,1021,980,1016,5726748779,5638091,567,D,973,1021
Indamin,20180821,1066,1066,1065,1066,2200795068,2064607,136,D,1016,1066
Indamin,20180825,1116,1116,1064,1096,4501978093,4108249,497,D,1066,1116
Indamin,20180826,1110,1149,1075,1133,4347250021,3838531,423,D,1096,1138
Indamin,20180827,1154,1154,1077,1086,5538989178,5099039,517,D,1133,1077
Indamin,20180828,1057,1120,1033,1078,4746488473,4404434,474,D,1086,1081
Indamin,20180829,1075,1118,1042,1085,3580405044,3299588,393,D,1078,1090
Indamin,20180901,1090,1091,1031,1034,3588090826,3470243,317,D,1085,1031
Indamin,20180902,1000,1040,983,1013,1889182179,1865292,248,D,1034,1020
Indamin,20180903,1063,1063,1036,1061,3157724295,2975496,373,D,1013,1063
Indamin,20180904,1060,1080,1010,1044,4715748936,4518304,526,D,1061,1052
Indamin,20180905,1060,1075,1031,1056,3211308102,3040586,384,D,1044,1067
Indamin,20180908,1079,1108,1067,1099,4630362833,4213276,407,D,1056,1108
Indamin,20180909,1138,1153,1100,1133,6148725250,5425347,572,D,1099,1147
Indamin,20180910,1140,1189,1140,1183,4638113204,3920971,379,D,1133,1180
Indamin,20180911,1190,1220,1149,1182,3427627038,2898707,337,D,1183,1205
Indamin,20180912,1230,1241,1182,1236,4251186945,3440813,308,D,1182,1241
Indamin,20180915,1290,1297,1254,1288,3192159547,2478388,258,D,1236,1270
Indamin,20180916,1279,1349,1224,1272,5039770864,3960820,450,D,1288,1280
Indamin,20180917,1320,1335,1300,1332,3020614930,2268517,259,D,1272,1335
Indamin,20180918,1398,1398,1340,1398,1399037971,1000960,107,D,1332,1398
Indamin,20180922,1467,1467,1467,1457,449296623,306269,48,D,1398,1467
Indamin,20180923,1510,1515,1400,1477,9439520598,6390463,578,D,1457,1470
Indamin,20180924,1510,1550,1408,1518,9182366780,6049806,559,D,1477,1550
Indamin,20180925,1575,1593,1553,1590,1977987847,1244079,92,D,1518,1593
Indamin,20180930,1669,1669,1669,1669,5220139645,3127705,155,D,1590,1669
Indamin,20181001,1752,1752,1586,1734,12995303215,7496399,712,D,1669,1700
Indamin,20181002,1770,1770,1648,1653,2953785726,1787290,147,D,1734,1648
Indamin,20181003,1571,1630,1571,1579,7222866838,4573429,474,D,1653,1599
Indamin,20181006,1646,1657,1501,1582,2561414792,1618934,214,D,1579,1501
Indamin,20181007,1503,1550,1503,1505,1365542235,907391,103,D,1582,1503
Indamin,20181008,1430,1430,1430,1481,143010010,100007,25,D,1505,1430
Indamin,20181009,1407,1495,1407,1428,2944166705,2061832,305,D,1481,1407
Indamin,20181010,1360,1362,1357,1359,669006221,492158,49,D,1428,1357
Indamin,20181013,1292,1292,1292,1355,31008000,24000,4,D,1359,1292
Indamin,20181015,1288,1422,1288,1380,7938215168,5752558,663,D,1355,1422
Indamin,20181016,1449,1449,1380,1448,4587490418,3167696,271,D,1380,1449
Indamin,20181017,1480,1497,1376,1453,3217800234,2215274,309,D,1448,1451
Indamin,20181020,1493,1525,1480,1520,2169361532,1427099,211,D,1453,1525
Indamin,20181021,1596,1596,1444,1575,6622335917,4205345,554,D,1520,1596
Indamin,20181022,1630,1648,1512,1576,6065635706,3849163,568,D,1575,1540
Indamin,20181023,1500,1570,1498,1503,670428711,446143,68,D,1576,1498
Indamin,20181024,1428,1428,1428,1500,18913860,13245,9,D,1503,1428
Indamin,20181027,1425,1520,1425,1443,3031726156,2101215,242,D,1500,1425
Indamin,20181028,1380,1515,1380,1477,3831908976,2595216,300,D,1443,1515
Indamin,20181029,1550,1550,1409,1530,3257928174,2129070,259,D,1477,1530
Indamin,20181031,1548,1580,1515,1556,2959844333,1901749,290,D,1530,1540
Indamin,20181103,1520,1530,1479,1488,1668019386,1121155,145,D,1556,1479
Indamin,20181104,1416,1555,1414,1473,1834893834,1245359,165,D,1488,1440
Indamin,20181105,1496,1544,1472,1518,3702558203,2438929,265,D,1473,1530
Indamin,20181106,1535,1545,1444,1488,1323388354,889305,154,D,1518,1475
Indamin,20181110,1540,1562,1460,1537,3107039797,2021355,273,D,1488,1560
Indamin,20181111,1471,1587,1471,1528,2111989244,1382323,188,D,1537,1547
Indamin,20181112,1570,1604,1550,1596,2140058978,1341259,180,D,1528,1604
Indamin,20181113,1675,1675,1615,1665,5532212936,3321862,427,D,1596,1655
Indamin,20181114,1668,1699,1582,1612,4057452860,2517516,318,D,1665,1582
Indamin,20181117,1543,1640,1532,1564,2331603361,1491128,268,D,1612,1569
Indamin,20181118,1550,1598,1486,1504,1573366304,1046124,139,D,1564,1486
Indamin,20181119,1504,1569,1435,1463,1047398039,716047,135,D,1504,1460
Indamin,20181120,1474,1474,1391,1403,2188632318,1559620,231,D,1463,1420
Indamin,20181121,1450,1473,1419,1457,1872159898,1284938,177,D,1403,1473
Indamin,20181124,1529,1529,1480,1526,1464985575,960123,127,D,1457,1529
Indamin,20181126,1571,1571,1480,1516,542738423,357934,93,D,1526,1497
Indamin,20181127,1590,1590,1472,1533,1838404447,1198893,142,D,1516,1527
Indamin,20181128,1550,1550,1463,1516,1676763177,1106002,153,D,1533,1516
Indamin,20181201,1451,1535,1441,1448,1454883706,1004420,91,D,1516,1441
Indamin,20181202,1497,1518,1380,1495,772812201,516973,103,D,1448,1515
Indamin,20181203,1548,1548,1421,1464,1621599905,1107989,159,D,1495,1435
Indamin,20181204,1445,1460,1403,1430,851983345,595922,117,D,1464,1435
Indamin,20181205,1452,1501,1452,1500,1115097136,743394,99,D,1430,1501
Indamin,20181208,1575,1575,1520,1572,3464418669,2203238,286,D,1500,1575
Indamin,20181209,1642,1642,1494,1516,6712234962,4426781,465,D,1572,1494
Indamin,20181210,1461,1538,1441,1463,1821595553,1245163,203,D,1516,1445
Indamin,20181211,1509,1509,1443,1467,337108897,229602,70,D,1463,1470
Indamin,20181212,1471,1500,1452,1482,724533677,488726,144,D,1467,1460
Indamin,20181215,1450,1508,1408,1436,1472201936,1025384,209,D,1482,1415
Indamin,20181216,1480,1480,1389,1406,1024473048,728489,146,D,1436,1410
Indamin,20181217,1445,1475,1410,1454,1110803031,763923,160,D,1406,1450
Indamin,20181218,1475,1475,1383,1406,777616712,553169,90,D,1454,1420
Indamin,20181219,1439,1439,1336,1361,1476744393,1084754,199,D,1406,1380
Indamin,20181222,1423,1423,1314,1361,834921688,613369,98,D,1361,1360
Indamin,20181223,1311,1429,1311,1410,2796197080,1982902,292,D,1361,1429
Indamin,20181224,1480,1480,1380,1421,1460929368,1027978,158,D,1410,1420
Indamin,20181225,1421,1425,1375,1394,646186068,463648,68,D,1421,1387
Indamin,20181226,1417,1450,1400,1437,1334741424,928815,170,D,1394,1450
Indamin,20181229,1450,1450,1382,1407,1241000998,882237,140,D,1437,1391
Indamin,20181230,1350,1450,1350,1405,1574709659,1120418,171,D,1407,1401
Indamin,20181231,1437,1451,1370,1421,1454867062,1023937,176,D,1405,1404
Indamin,20190101,1400,1430,1381,1396,655303344,469324,98,D,1421,1388
Indamin,20190102,1425,1440,1382,1410,1869509822,1325837,162,D,1396,1390
Indamin,20190105,1434,1439,1385,1410,423764596,300433,57,D,1410,1395
Indamin,20190106,1435,1435,1370,1385,946460544,683248,121,D,1410,1385
Indamin,20190107,1365,1408,1350,1369,1443265004,1054015,238,D,1385,1360
Indamin,20190108,1397,1397,1330,1349,1457987325,1081039,206,D,1369,1340
Indamin,20190109,1350,1394,1333,1353,1094250650,808725,191,D,1349,1335
Indamin,20190112,1318,1379,1318,1349,2258132502,1674189,259,D,1353,1365
Indamin,20190113,1407,1415,1341,1392,4020100573,2887438,344,D,1349,1370
Indamin,20190114,1398,1398,1326,1341,1983583736,1479168,230,D,1392,1326
Indamin,20190115,1354,1365,1320,1347,1787996783,1327836,178,D,1341,1355
Indamin,20190116,1344,1398,1308,1356,2134103935,1574053,199,D,1347,1370
Indamin,20190119,1400,1423,1400,1422,5226211199,3676455,320,D,1356,1423
Indamin,20190120,1445,1475,1410,1450,7280647731,5022549,652,D,1422,1475
Indamin,20190121,1444,1444,1378,1379,831627604,603046,74,D,1450,1378
Indamin,20190122,1325,1420,1325,1384,829889149,599721,129,D,1379,1386
Indamin,20190123,1399,1431,1351,1374,728075675,529978,111,D,1384,1368
Indamin,20190126,1323,1392,1306,1324,1115968077,842979,187,D,1374,1359
Indamin,20190127,1341,1360,1300,1323,829978472,627369,111,D,1324,1300
Indamin,20190128,1350,1389,1300,1385,4616389751,3334246,356,D,1323,1389
Indamin,20190129,1389,1390,1320,1339,1313037942,980628,166,D,1385,1327
Indamin,20190130,1305,1370,1305,1333,1199274290,899610,160,D,1339,1316
Indamin,20190202,1321,1334,1270,1302,1253932895,963190,164,D,1333,1285
Indamin,20190203,1300,1308,1237,1266,1336362688,1055766,157,D,1302,1237
Indamin,20190204,1290,1285,1220,1249,664726354,532190,93,D,1266,1228
Indamin,20190205,1217,1300,1215,1258,1418582633,1127635,228,D,1249,1280
Indamin,20190206,1309,1319,1260,1295,746341185,576331,122,D,1258,1305
Indamin,20190210,1318,1359,1318,1358,622684347,458652,79,D,1295,1359
Indamin,20190212,1425,1425,1425,1425,914459550,641726,103,D,1358,1425
Indamin,20190213,1399,1410,1354,1375,3741965293,2721992,377,D,1425,1375
Indamin,20190216,1418,1418,1330,1362,1531861279,1124341,161,D,1375,1375
Indamin,20190217,1389,1399,1294,1322,1691858492,1279914,245,D,1362,1318
Indamin,20190218,1380,1380,1301,1327,555353805,418476,104,D,1322,1340
Indamin,20190219,1340,1393,1340,1389,3885832902,2796917,325,D,1327,1390
Indamin,20190220,1394,1420,1354,1396,1956351857,1401484,173,D,1389,1399
Indamin,20190223,1419,1465,1336,1447,3808074335,2632045,307,D,1396,1440
Indamin,20190224,1480,1491,1400,1437,1885013729,1311920,215,D,1447,1440
Indamin,20190225,1430,1438,1380,1417,1090960501,769791,130,D,1437,1410
Indamin,20190226,1435,1435,1359,1401,1412147819,1008000,115,D,1417,1410
Indamin,20190227,1442,1450,1378,1418,4026861909,2840551,310,D,1401,1450
Indamin,20190302,1404,1488,1404,1481,4029845915,2721707,252,D,1418,1488
Indamin,20190303,1555,1555,1555,1555,1757986590,1130538,100,D,1481,1555
Indamin,20190304,1570,1632,1539,1609,19776419283,12288134,1001,D,1555,1550
Indamin,20190305,1620,1689,1540,1672,11808480737,7064474,593,D,1609,1689
Indamin,20190306,1720,1755,1655,1742,4957120599,2845563,218,D,1672,1755
Indamin,20190309,1829,1829,1655,1743,29718816740,17047916,1288,D,1742,1707
Indamin,20190310,1700,1805,1667,1743,10327982712,5925255,635,D,1743,1670
Indamin,20190311,1656,1710,1656,1659,8759555487,5280197,491,D,1743,1660
Indamin,20190312,1659,1741,1659,1734,11835317613,6823875,504,D,1659,1741
Indamin,20190313,1798,1818,1700,1759,5131258263,2916451,357,D,1734,1738
Indamin,20190316,1740,1793,1686,1721,4037475418,2346323,267,D,1759,1695
Indamin,20190317,1745,1790,1735,1756,3712521175,2114320,181,D,1721,1758
Indamin,20190318,1790,1820,1750,1788,5229837790,2925240,266,D,1756,1769
Indamin,20190319,1835,1835,1753,1771,1227433689,693050,122,D,1788,1775
Indamin,20190325,1780,1859,1780,1839,4173865741,2270119,159,D,1771,1859
Indamin,20190326,1929,1930,1870,1929,3346119624,1734282,152,D,1839,1930
Indamin,20190327,1940,1960,1833,1857,3732856962,2009942,233,D,1929,1858
Indamin,20190330,1899,1901,1766,1870,1686178197,901817,167,D,1857,1900
Indamin,20190331,1949,1949,1777,1816,5275159623,2905434,267,D,1870,1839
Indamin,20190406,1816,1906,1779,1897,4892417003,2579436,375,D,1816,1882
Indamin,20190407,1969,1990,1850,1924,6979938219,3628388,321,D,1897,1915
Indamin,20190408,1940,1940,1831,1858,3671495867,1975796,237,D,1924,1853
Indamin,20190409,1813,1890,1791,1809,3932928787,2174238,228,D,1858,1801
Indamin,20190410,1800,1899,1800,1891,6763172956,3576823,328,D,1809,1896
Indamin,20190413,1848,1900,1820,1839,2825826180,1536325,184,D,1891,1820
Indamin,20190414,1797,1890,1797,1828,2930516119,1603321,174,D,1839,1800
Indamin,20190415,1820,1914,1801,1842,3652914997,1983162,229,D,1828,1803
Indamin,20190416,1814,1845,1750,1757,6823887250,3884677,302,D,1842,1750
Indamin,20190417,1799,1799,1671,1708,4256898622,2492758,266,D,1757,1715
Indamin,20190420,1792,1793,1785,1792,3159689743,1762849,155,D,1708,1793
Indamin,20190422,1850,1880,1770,1820,7689953651,4225886,455,D,1792,1800
Indamin,20190423,1742,1870,1742,1837,1890977970,1029424,142,D,1820,1802
Indamin,20190424,1849,1860,1785,1815,2025781667,1116394,170,D,1837,1812
Indamin,20190427,1849,1874,1765,1800,5195800482,2887150,327,D,1815,1782
Indamin,20190428,1814,1890,1755,1839,9806469311,5331059,515,D,1800,1869
Indamin,20190429,1899,1900,1771,1862,4087307288,2195632,275,D,1839,1857
Indamin,20190430,1890,1955,1830,1932,11574202025,5991888,564,D,1862,1903
Indamin,20190501,1989,2028,1988,2027,16585557899,8182358,566,D,1932,2028
Indamin,20190504,2128,2128,2128,2128,546402304,256768,43,D,2027,2128
Indamin,20190505,2234,2234,2022,2182,12423874033,5694948,458,D,2128,2234
Indamin,20190506,2250,2291,2075,2189,11575590614,5287041,503,D,2182,2116
Indamin,20190507,2120,2130,2080,2087,6494023893,3112368,247,D,2189,2080
Indamin,20190508,1985,2191,1985,2138,5571830737,2605782,245,D,2087,2191
Indamin,20190511,2240,2244,2135,2234,12803716343,5730469,363,D,2138,2244
Indamin,20190512,2342,2342,2123,2152,13328628665,6192825,469,D,2234,2150
Indamin,20190513,2065,2259,2065,2254,32645603780,14485646,769,D,2152,2259
Indamin,20190514,2366,2366,2366,2366,568119188,240118,26,D,2254,2366
Indamin,20190515,2484,2484,2484,2484,726748848,292572,58,D,2366,2484
Indamin,20190518,2608,2608,2608,2608,1523262384,584073,36,D,2484,2608
Indamin,20190519,2738,2738,2738,2738,638706950,233275,31,D,2608,2738
Indamin,20190520,2874,2874,2874,2822,359419566,125059,7,D,2738,2874
Indamin,20190522,2963,3111,2963,3107,4426248302,1424654,96,D,2822,3111
Indamin,20190525,3262,3262,2972,3235,30776983843,9512593,839,D,3107,3262
Indamin,20190526,3380,3396,3201,3385,13538520855,3999500,369,D,3235,3396
Indamin,20190528,3530,3554,3217,3392,23716998909,6992980,883,D,3385,3300
Indamin,20190529,3310,3561,3245,3455,27688270127,8013974,761,D,3392,3561
Indamin,20190601,3627,3627,3627,3627,2510674686,692218,86,D,3455,3627
Indamin,20190602,3808,3808,3808,3808,2186386048,574156,34,D,3627,3808
Indamin,20190603,3998,3998,3998,3998,2305902472,576764,38,D,3808,3998
Indamin,20190608,4197,4197,4170,4197,22785747780,5429230,365,D,3998,4197
Indamin,20190609,4406,4406,4406,4406,1788668572,405962,41,D,4197,4406
Indamin,20190610,4626,4626,4407,4605,43410001034,9426061,1008,D,4406,4461
Indamin,20190611,4799,4825,4375,4678,8437328007,1803428,273,D,4605,4820
Indamin,20190616,4911,5156,4666,4904,47688460546,9724031,879,D,4678,4666
Indamin,20190617,4659,4659,4659,4770,327695424,70336,29,D,4904,4659
Indamin,20190618,4532,4532,4532,4532,1157123836,255323,45,D,4770,4532
Indamin,20190619,4306,4306,4306,4306,2792591710,648535,59,D,4532,4306
Indamin,20190622,4091,4091,4091,4091,2655619467,649137,44,D,4306,4091
Indamin,20190626,4050,4252,4050,4224,18368334354,4348069,375,D,4091,4152
Indamin,20190630,4044,4100,4013,4018,18891631142,4701904,403,D,4224,4013
Indamin,20190701,4000,4200,3818,3996,19941420692,4989764,632,D,4018,3927
Indamin,20190702,4084,4180,3811,3970,19352722082,4875253,604,D,3996,3825
Indamin,20190703,3826,3949,3772,3789,12280906060,3241223,511,D,3970,3772
Indamin,20190706,3712,3720,3600,3619,6539988683,1807182,288,D,3789,3600
Indamin,20190707,3439,3799,3439,3609,31449265925,8713941,1083,D,3619,3799
Indamin,20190708,3789,3789,3789,3789,1845015660,486940,55,D,3609,3789
Indamin,20190709,3978,3978,3850,3963,18468813168,4659982,520,D,3789,3978
Indamin,20190710,4098,4098,3850,3992,12123728458,3036639,583,D,3963,3963
Indamin,20190713,4087,4147,3840,3959,5928020165,1497382,328,D,3992,3900
Indamin,20190714,3900,4020,3820,3876,7493826993,1933612,317,D,3959,3920
Indamin,20190715,3979,3979,3683,3754,6200940120,1651605,251,D,3876,3683
Indamin,20190716,3600,3681,3567,3572,1525609455,427122,104,D,3754,3567
Indamin,20190717,3394,3690,3394,3448,7806050781,2263897,351,D,3572,3394
Indamin,20190720,3499,3620,3351,3565,9172301767,2573042,471,D,3448,3620
Indamin,20190721,3723,3743,3610,3685,6519451045,1769039,296,D,3565,3679
Indamin,20190722,3742,3840,3501,3611,4204152197,1164420,263,D,3685,3501
Indamin,20190723,3471,3550,3431,3440,2185600855,635294,148,D,3611,3431
Indamin,20190724,3429,3612,3291,3391,9770059251,2881045,469,D,3440,3291
Indamin,20190727,3360,3560,3330,3505,7911717007,2257357,246,D,3391,3560
Indamin,20190728,3670,3680,3670,3680,23097331923,6277115,461,D,3505,3680
Indamin,20190729,3830,3864,3700,3822,15497891150,4054935,571,D,3680,3864
Indamin,20190730,3900,4013,3758,3977,18256589441,4590730,535,D,3822,4013
Indamin,20190731,4066,4147,3846,3994,9308114658,2330320,425,D,3977,3957
Indamin,20190803,4000,4080,3795,3849,16477236966,4280809,571,D,3994,3940
Indamin,20190804,3930,4041,3850,3998,15676349290,3921104,558,D,3849,4039
Indamin,20190805,4100,4176,3915,4059,4357769968,1073692,310,D,3998,3920
Indamin,20190806,3920,4048,3911,3948,5620778381,1423643,264,D,4059,3970
Indamin,20190807,4100,4145,3911,4091,19617572812,4794865,591,D,3948,4145
Indamin,20190810,4189,4295,4091,4266,9149322423,2144851,353,D,4091,4295
Indamin,20190811,4438,4450,4230,4346,5446167885,1253171,341,D,4266,4300
Indamin,20190813,4350,4399,4130,4224,7264827534,1719789,392,D,4346,4200
Indamin,20190814,4300,4300,4190,4240,6943033643,1637519,246,D,4224,4249
Indamin,20190817,4150,4420,4051,4197,8636503980,2057555,420,D,4240,4200
Indamin,20190818,4200,4314,4150,4207,4174104019,992219,236,D,4197,4200
Indamin,20190819,4295,4355,4180,4225,4005924375,948154,213,D,4207,4280
Indamin,20190821,4300,4397,4110,4229,13685843375,3236469,492,D,4225,4220
Indamin,20190824,4357,4357,4150,4201,22869679400,5444301,776,D,4229,4240
Indamin,20190825,4200,4411,4200,4372,27001368148,6175495,559,D,4201,4411
Indamin,20190826,4590,4590,4590,4590,2232231750,486325,64,D,4372,4590
Indamin,20190827,4819,4819,4450,4798,14350910027,2991140,404,D,4590,4626
Indamin,20190828,4590,5020,4559,4755,32097524436,6750708,996,D,4798,4950
Indamin,20190831,4992,4992,4563,4855,18624537831,3836167,666,D,4755,4774
Indamin,20190901,4800,5088,4630,4963,14050064618,2830681,570,D,4855,4953
Indamin,20190902,5097,5097,4715,4785,14760400366,3084610,522,D,4963,4715
Indamin,20190903,4715,4891,4715,4803,10513103095,2189049,356,D,4785,4750
Indamin,20190904,4800,5043,4755,5015,25806436363,5145613,578,D,4803,5032
Indamin,20190907,5021,5265,5021,5262,18974725106,3605942,326,D,5015,5265
Indamin,20190908,5525,5525,5370,5516,17008139346,3083509,385,D,5262,5525
Indamin,20190911,5791,5791,5791,5791,1193345579,206069,50,D,5516,5791
Indamin,20190914,6080,6080,5516,5927,32381064087,5462944,772,D,5791,5844
Indamin,20190915,5800,6223,5631,6008,48466150006,8066986,1370,D,5927,6223
Indamin,20190916,6308,6308,6308,6308,14395007392,2282024,70,D,6008,6308
Indamin,20190921,6313,6628,6051,6522,30417599115,4663536,866,D,6308,6628
Indamin,20190922,6800,6848,6196,6438,83040532863,12899497,1834,D,6522,6196
Indamin,20190923,6215,6588,6117,6257,24940127031,3986190,1014,D,6438,6117
Indamin,20190924,6160,6350,5945,6022,46249011855,7679523,1172,D,6257,5945
Indamin,20190925,5803,6100,5800,5946,19844380959,3337353,795,D,6022,5920
Indamin,20190928,6145,6242,6030,6150,28831458417,4688102,883,D,5946,6180
Indamin,20190929,6180,6240,5843,5987,17670757351,2951667,724,D,6150,5999
Indamin,20190930,6199,6199,5720,5938,39752743716,6694440,1164,D,5987,5800
Indamin,20191001,5938,5996,5642,5812,27062824087,4656020,1026,D,5938,5642
Indamin,20191002,5530,6000,5522,5653,14936238652,2642139,596,D,5812,5640
Indamin,20191005,5886,5935,5812,5918,17928182075,3029342,640,D,5653,5842
Indamin,20191006,5950,5950,5637,5711,6183728382,1082763,334,D,5918,5717
Indamin,20191007,5764,5922,5450,5569,11968666369,2149085,395,D,5711,5450
Indamin,20191008,5560,5740,5291,5393,10606487014,1966597,345,D,5569,5291
Indamin,20191009,5125,5396,5124,5173,13257570169,2562884,493,D,5393,5250
Indamin,20191012,5378,5431,5201,5416,9280855472,1713704,287,D,5173,5431
Indamin,20191013,5550,5600,5170,5325,6651392721,1249118,372,D,5416,5200
Indamin,20191014,5439,5439,5059,5090,7215551986,1417534,381,D,5325,5059
Indamin,20191015,4950,5343,4836,4914,11634484583,2367553,283,D,5090,4836
Indamin,20191016,4705,4925,4669,4690,10807474427,2304368,375,D,4914,4669
Indamin,20191020,4461,4670,4456,4481,6789963094,1515360,230,D,4690,4456
Indamin,20191021,4257,4705,4257,4610,18096154481,3925188,465,D,4481,4705
Indamin,20191022,4840,4840,4436,4775,9416098732,1972137,371,D,4610,4784
Indamin,20191023,4851,4920,4537,4589,6440068827,1403273,286,D,4775,4556
Indamin,20191026,4749,4818,4589,4812,16585409947,3446448,422,D,4589,4818
Indamin,20191028,4887,5052,4887,5038,7683562160,1525248,314,D,4812,5052
Indamin,20191030,5244,5244,4952,5072,12508417505,2466068,698,D,5038,5129
Indamin,20191102,5150,5170,4819,4842,17211201872,3554264,748,D,5072,4819
Indamin,20191103,4822,5084,4620,5023,14188487144,2824668,490,D,4842,5084
Indamin,20191104,5008,5233,4772,4888,8128362070,1662902,399,D,5023,4850
Indamin,20191105,4663,4990,4663,4888,3545555754,725429,221,D,4888,4840
Indamin,20191109,4800,5000,4701,4817,5715567370,1186432,324,D,4888,4745
Indamin,20191110,4745,5057,4730,4940,15086291068,3054021,457,D,4817,5057
Indamin,20191111,5115,5187,5058,5171,10705260251,2070143,276,D,4940,5187
Indamin,20191112,5429,5429,5330,5429,7613427983,1402386,183,D,5171,5429
Indamin,20191113,5699,5700,5430,5659,16005739778,2828597,625,D,5429,5645
Indamin,20191116,5399,5600,5377,5391,12953327909,2402715,487,D,5659,5377
Indamin,20191117,5122,5122,5122,5122,1298467976,253508,55,D,5391,5122
Indamin,20191119,5779,5779,5491,5516,12819939374,2324282,466,D,5122,5491
Indamin,20191120,5355,5569,5271,5390,13865666025,2572647,660,D,5516,5400
Indamin,20191123,5400,5500,5172,5247,9564292659,1822802,471,D,5390,5196
Indamin,20191124,5201,5450,5052,5371,7642984318,1423100,430,D,5247,5371
Indamin,20191125,5480,5600,5321,5473,10495695116,1917766,498,D,5371,5455
Indamin,20191126,5500,5580,5300,5436,9288292838,1708764,521,D,5473,5451
Indamin,20191127,5490,5707,5471,5684,28224152085,4965316,794,D,5436,5707
Indamin,20191130,5897,5968,5800,5953,10274852428,1726132,308,D,5684,5968
Indamin,20191201,6250,6250,6050,6165,18816539395,3051957,699,D,5953,6123
Indamin,20191202,6100,6240,5857,5932,24931574536,4202781,954,D,6165,5857
Indamin,20191203,5750,6198,5750,6032,19961718185,3309319,856,D,5932,6031
Indamin,20191204,6000,6333,6000,6273,24957423868,3978734,961,D,6032,6332
Indamin,20191207,6460,6586,6460,6578,15416878788,2343591,462,D,6273,6586
Indamin,20191208,6906,6906,6500,6880,85248082207,12390043,2005,D,6578,6857
Indamin,20191209,6659,7224,6659,7118,64961252431,9126601,1552,D,6880,7180
Indamin,20191210,7396,7396,6763,6932,52196581256,7529902,1688,D,7118,6763
Indamin,20191211,6733,7278,6733,7141,50393723964,7056983,1262,D,6932,7278
Indamin,20191214,7030,7498,7030,7476,39230745910,5247788,1128,D,7141,7498
Indamin,20191215,7620,7820,7103,7255,76375544536,10526663,2205,D,7476,7271
Indamin,20191216,7151,7394,7002,7219,38763409035,5369306,1299,D,7255,7022
Indamin,20191217,7112,7500,7112,7366,31822078509,4320145,1180,D,7219,7330
Indamin,20191218,7390,7420,6998,7057,45399717291,6433212,1648,D,7366,6998
Indamin,20191221,6902,7195,6881,6979,45638348787,6539465,1358,D,7057,6888
Indamin,20191222,6973,7327,6973,7275,69217430793,9514334,1080,D,6979,7327
Indamin,20191223,7550,7638,7211,7565,1.26158E+11,16676816,2351,D,7275,7638
Indamin,20191224,7711,7943,7710,7921,27625561001,3487527,517,D,7565,7943
Indamin,20191225,8317,8317,8100,8310,68796073126,8278949,1246,D,7921,8317
Indamin,20191228,8725,8725,8324,8633,79342178666,9190832,1912,D,8310,8350
Indamin,20191229,8400,8578,8202,8278,97804277422,11814966,3069,D,8633,8202
Indamin,20191230,8298,8500,8120,8302,44305564425,5336464,1452,D,8278,8270
Indamin,20191231,8350,8358,7887,8015,51296643547,6399756,1450,D,8302,8070
Indamin,20200101,8200,8349,8000,8168,26946874131,3299011,892,D,8015,8100
Indamin,20200104,7760,7760,7760,7818,854127680,110068,47,D,8168,7760
Indamin,20200105,7428,7428,7428,7428,3497392092,470839,123,D,7818,7428
Indamin,20200107,7057,7428,7057,7078,19059524624,2692613,498,D,7428,7057
Indamin,20200108,6937,6937,6937,7041,234977001,33873,30,D,7078,6937
Indamin,20200111,7181,7181,7181,7181,2056817925,286425,45,D,7041,7181
Indamin,20200112,7540,7540,7470,7538,40550482275,5379341,691,D,7181,7540
Indamin,20200113,7890,7914,7400,7807,21526794864,2757224,546,D,7538,7914
Indamin,20200114,7955,8100,7510,7893,31264112666,3960768,869,D,7807,7920
Indamin,20200115,7671,7920,7500,7705,29344322535,3808411,1095,D,7893,7689
Indamin,20200118,7701,8050,7600,7810,34322621258,4394693,1184,D,7705,7760
Indamin,20200119,7512,8200,7512,7974,50282244008,6306078,1231,D,7810,8200
Indamin,20200120,8372,8372,8300,8368,22514807482,2690475,442,D,7974,8372
Indamin,20200121,8786,8786,8766,8786,41355082272,4707132,615,D,8368,8786
Indamin,20200122,9060,9225,8902,9206,1.10436E+11,11996333,1612,D,8786,9225
Indamin,20200125,9666,9666,9666,9666,3939030324,407514,144,D,9206,9666
Indamin,20200126,10149,10149,9710,10123,90101581123,8900698,1146,D,9666,10149
Indamin,20200127,10629,10629,10590,10629,91280037262,8587854,1123,D,10123,10629
Indamin,20200203,11160,11718,11160,11540,1.12195E+11,9721894,2115,D,10629,11718
Indamin,20200204,12050,12117,11210,11945,2.62736E+11,21995843,2922,D,11540,12117
Indamin,20200205,12542,12542,12119,12540,71397734382,5693759,1297,D,11945,12542
Indamin,20200208,13163,13163,11913,12225,49525282968,4051071,1121,D,12540,11913
Indamin,20200209,11614,12199,11614,11696,99673248814,8521647,2106,D,12225,11614
Indamin,20200210,11650,11888,11112,11316,52888179254,4673605,1252,D,11696,11141
Indamin,20200212,11298,11850,10751,11387,44603838155,3916979,1317,D,11316,11200
Indamin,20200215,11160,11879,10818,11026,49736267303,4510678,1360,D,11387,10929
Indamin,20200216,11050,11577,11050,11510,24843784703,2158435,634,D,11026,11577
Indamin,20200217,11850,12085,11300,11924,88692646448,7437934,1647,D,11510,12085
Indamin,20200218,12418,12520,12300,12495,57930663437,4636281,1078,D,11924,12520
Indamin,20200219,13119,13119,13119,13119,28141370115,2145085,467,D,12495,13119
Indamin,20200222,12464,13774,12464,13262,72128458201,5438901,1123,D,13119,13774
Indamin,20200223,13925,13925,13925,13925,19135721075,1374199,523,D,13262,13925
Indamin,20200224,14621,14621,13570,14179,1.00234E+11,7069374,1962,D,13925,14000
Indamin,20200225,13753,14547,13488,13926,77280671282,5549468,2209,D,14179,14000
Indamin,20200226,14098,14250,13230,13634,82349926323,6040005,1666,D,13926,13400
Indamin,20200229,12953,13630,12953,13142,43823873027,3334532,1031,D,13634,13145
Indamin,20200301,13350,13799,13348,13671,48597404005,3554833,858,D,13142,13799
Indamin,20200302,14354,14354,13150,14017,54308072334,3874518,1299,D,13671,13900
Indamin,20200303,14000,14000,13317,13462,94074539964,6988077,2657,D,14017,13500
Indamin,20200304,13552,13760,13000,13472,56455662539,4190739,1180,D,13462,13490
Indamin,20200307,13200,13465,12799,13027,58131321685,4462450,1575,D,13472,12799
Indamin,20200309,12780,12790,12376,12546,36376302064,2929529,883,D,13027,12376
Indamin,20200310,12000,12971,12000,12576,38847747035,3087412,1051,D,12546,12599
Indamin,20200311,13200,13204,12500,13083,41121843394,3120242,1151,D,12576,13204
Indamin,20200314,13637,13637,12429,12739,42319951346,3335282,1032,D,13083,12440
Indamin,20200315,12200,12799,12103,12593,22834043164,1836177,736,D,12739,12640
Indamin,20200316,12793,13222,12640,12875,27688991288,2113277,769,D,12593,13000
Indamin,20200317,13140,13400,12615,12938,26114494842,2009659,617,D,12875,12989
Indamin,20200318,13369,13369,12620,12880,31209245069,2429217,1047,D,12938,12919
Indamin,20200324,12950,13190,12604,12922,23976520636,1848988,705,D,12880,13000
Indamin,20200325,13160,13568,12700,13395,48378745358,3601824,1176,D,12922,13568
Indamin,20200328,14063,14064,14000,13866,37136274663,2641126,993,D,13395,14064
Indamin,20200329,14550,14550,13200,13816,60248901803,4360775,2121,D,13866,13598
Indamin,20200330,13480,13750,13126,13307,41902332341,3170378,1448,D,13816,13510
Indamin,20200404,13899,13899,12642,13563,47607865766,3505299,1630,D,13307,13599
Indamin,20200405,13989,14241,13400,14017,75720254726,5401877,1252,D,13563,14241
Indamin,20200406,14717,14717,14500,14590,45453014876,3089151,668,D,14017,14717
Indamin,20200407,15319,15319,15319,14747,12403350049,809671,335,D,14590,15319
Indamin,20200408,15484,15484,15484,14976,18059624044,1166341,426,D,14747,15484
Indamin,20200411,15720,15720,14228,15218,50063397431,3288905,1403,D,14976,15099
Indamin,20200412,15000,15978,14820,15740,43351720702,2734259,580,D,15218,15978
Indamin,20200413,16527,16527,16050,16522,66381723742,4017702,933,D,15740,16527
Indamin,20200414,16300,17348,16200,17048,66315030644,3889968,1056,D,16522,17348
Indamin,20200415,17900,17900,17900,17669,43580682500,2434675,600,D,17048,17900
Indamin,20200418,18552,18552,18552,17969,17850289152,962176,230,D,17669,18552
Indamin,20200419,18867,18867,17501,18824,88967114739,4726342,1146,D,17969,18860
Indamin,20200420,19640,19765,18824,19672,68822892137,3498455,1077,D,18824,19765
Indamin,20200421,20400,20400,19000,19895,1.07971E+11,5427121,2400,D,19672,20121
Indamin,20200422,20799,20799,20300,19981,5945383373,286589,143,D,19895,20561
Indamin,20200426,20980,22029,20980,21751,1.09973E+11,5056009,898,D,19981,22029
Indamin,20200427,22838,22838,22030,22626,65622265520,2900299,907,D,21751,22838
Indamin,20200428,23400,23433,21495,21657,77554981582,3581118,1694,D,22626,21495
Indamin,20200429,20575,22550,20575,21600,1.4293E+11,6617030,2979,D,21657,22350
Indamin,20200502,22680,22680,22400,22679,1.01245E+11,4464341,1218,D,21600,22680
Indamin,20200503,23812,23812,23811,23302,30306743812,1272751,1053,D,22679,23812
Indamin,20200504,24000,24400,22137,23306,81590153703,3500888,1296,D,23302,23100
Indamin,20200505,24450,24450,22141,22698,49833396436,2198584,864,D,23306,22141
Indamin,20200506,21564,22300,21564,21638,99931128562,4618277,1376,D,22698,21970
Indamin,20200509,22696,22719,21969,22647,60800064547,2684734,992,D,21638,22719
Indamin,20200510,23779,23779,21515,23399,1.0192E+11,4355769,1177,D,22647,23779
Indamin,20200511,24400,24568,23890,24501,83383612769,3403319,1460,D,23399,24568
Indamin,20200512,25726,25726,23276,23977,39613440389,1666247,627,D,24501,23276
Indamin,20200513,22779,23977,22779,22925,75789652872,3305943,1093,D,23977,22779
Indamin,20200516,21779,21918,21779,22526,16569897183,760793,178,D,22925,21779
Indamin,20200517,21400,21400,21400,22417,4522376400,211326,118,D,22526,21400
Indamin,20200518,21297,23000,21297,21467,1.27772E+11,5952144,1814,D,22417,21297
Indamin,20200519,21130,22540,20750,21951,1.35048E+11,6152217,2026,D,21467,22540
Indamin,20200520,22529,22950,20854,21592,72793329754,3371380,1496,D,21951,20855
Indamin,20200523,20513,20600,20513,20514,60043206865,2927009,562,D,21592,20513
Indamin,20200526,19489,21000,19489,19598,52437542331,2675689,795,D,20392,19489
Indamin,20200527,18653,20577,18653,19816,60837233459,3070034,1182,D,19598,20000
Indamin,20200530,20301,20790,19000,20191,40054178589,1973542,823,D,19816,19900
Indamin,20200531,19900,20018,19182,19241,56428073772,2932673,679,D,20191,19190
Indamin,20200601,19790,19790,18279,18437,66770839057,3621615,1119,D,19241,18279
Indamin,20200602,18437,19358,17910,19190,85993409340,4481216,919,D,18437,19358
Indamin,20200606,20149,20149,20001,20123,51077757848,2535012,525,D,19190,20149
Indamin,20200607,21129,21129,20501,21011,49394426978,2339669,728,D,20123,21129
Indamin,20200608,19961,22061,19961,21925,98364370378,4486363,866,D,21011,22061
Indamin,20200609,22425,23021,22400,22985,91663358269,3987978,942,D,21925,23021
Indamin,20200610,24134,24134,24134,23593,33297269522,1379683,236,D,22985,24134
Indamin,20200613,24770,24770,24770,24260,29680454340,1198242,251,D,23593,24770
Indamin,20200614,25470,25470,24300,25380,1.77649E+11,7000539,1548,D,24260,25470
Indamin,20200615,26600,26640,25700,26600,73262517120,2753878,679,D,25380,26640
Indamin,20200616,27930,27930,27930,27930,1.06545E+11,3814706,699,D,26600,27930
Indamin,20200620,29320,29320,29100,29320,1.03958E+11,3546223,948,D,27930,29320
Indamin,20200621,29320,29350,27860,28150,2.2893E+11,8132543,2908,D,29320,28000
Indamin,20200622,26900,29550,26900,29380,1.38369E+11,4709952,743,D,28150,29550
Indamin,20200628,30840,30840,30840,30840,62169492480,2015872,240,D,29380,30840
Indamin,20200629,32380,32380,32380,32340,53771069880,1660626,286,D,30840,32380
Indamin,20200630,33950,33950,33950,33920,56791186550,1672789,196,D,32340,33950
Indamin,20200701,35610,35610,35610,35610,1.12252E+11,3152272,253,D,33920,35610
Indamin,20200708,37390,37390,37390,37390,1.07991E+11,2888242,307,D,35610,37390
Indamin,20200711,39250,39250,39250,39250,78306536750,1995071,251,D,37390,39250
Indamin,20200712,41210,41210,41210,41100,51987692510,1261531,112,D,39250,41210
Indamin,20200713,43150,43150,43150,43090,56139271900,1301026,175,D,41100,43150
Indamin,20200714,45240,45240,45240,43760,18716964240,413726,128,D,43090,45240
Indamin,20200715,45940,45940,45940,45010,35090717720,763838,176,D,43760,45940
Indamin,20200718,47260,47260,47000,47260,2.61109E+11,5524984,802,D,45010,47260
Indamin,20200719,49620,49620,49620,49340,48533470860,978103,200,D,47260,49620
Indamin,20200720,51800,51800,49620,51670,6.04781E+11,11704230,2075,D,49340,51800
Indamin,20200721,54000,54250,51000,53700,6.19137E+11,11528877,2851,D,51670,54250
Indamin,20200722,54900,56380,54240,56090,2.21286E+11,3945468,1068,D,53700,56380
Indamin,20200726,58890,58890,58890,58890,88158977790,1497011,446,D,56090,58890
Indamin,20200727,61830,61830,61830,61830,58321456650,943255,227,D,58890,61830
Indamin,20200728,64920,64920,64920,64560,51146053440,787832,279,D,61830,64920
Indamin,20200729,67780,67780,67780,67550,56062600280,827126,334,D,64560,67780
Indamin,20200801,70920,70920,64180,69150,6.61834E+11,9571329,3401,D,67550,66000
Indamin,20200802,65700,72600,65700,69920,6.09951E+11,8723790,2775,D,69150,72600
Indamin,20200803,73410,73410,73410,72560,41064819900,559390,204,D,69920,73410
Indamin,20200804,76180,76180,76180,76180,56443895040,740928,204,D,72560,76180
Indamin,20200805,79980,79980,79980,79980,77240844960,965752,238,D,76180,79980
Indamin,20200809,83970,83970,83970,83560,47062162080,560464,189,D,79980,83970
Indamin,20200810,87730,87730,80000,86720,1.88081E+12,21689200,5422,D,83560,86980
Indamin,20200811,82390,86000,82390,82960,5.68835E+11,6856984,2419,D,86720,82390
Indamin,20200812,85000,86980,78820,80900,2.36472E+11,2922931,1270,D,82960,78820
Indamin,20200815,76860,76860,76860,79530,16115236200,209670,179,D,80900,76860
Indamin,20200816,75560,75560,75560,78360,13714140000,181500,117,D,79530,75560
Indamin,20200817,74450,77500,74450,74580,4.59976E+11,6167305,1448,D,78360,74450
Indamin,20200818,70860,76790,70860,72290,6.05939E+11,8381665,2322,D,74580,70860
Indamin,20200819,68680,68680,68680,71260,12163983480,177111,61,D,72290,68680
Indamin,20200822,67700,70000,67700,67760,99347611280,1466151,360,D,71260,67700
Indamin,20200823,64380,64380,64380,67580,2419207260,37577,31,D,67760,64380
Indamin,20200824,64210,64210,64210,67490,1175043000,18300,23,D,67580,64210
Indamin,20200825,64120,66000,64120,64240,2.27625E+11,3543125,1062,D,67490,64120
Indamin,20200826,65000,66000,61030,62480,5.1724E+11,8278234,4252,D,64240,61030
Indamin,20200831,59360,59360,59360,61700,11801242880,198808,161,D,62480,59360
Indamin,20200901,58620,58620,58620,61620,1234126860,21053,26,D,61700,58620
Indamin,20200902,58540,58540,58540,61450,2530157340,43221,22,D,61620,58540
Indamin,20200905,58380,58380,58380,61190,4059745200,69540,43,D,61450,58380
Indamin,20200906,58140,58140,58140,60990,3100896900,53335,61,D,61190,58140
Indamin,20200907,57950,57950,57950,60950,561709350,9693,9,D,60990,57950
Indamin,20200908,57910,57910,57910,60770,2859537890,49379,7,D,60950,57910
Indamin,20200909,57740,57740,57740,60680,1450255580,25117,24,D,60770,57740
Indamin,20200912,57650,57650,57650,60610,1093389900,18966,26,D,60680,57650
Indamin,20200913,57580,57580,57580,60600,225886340,3923,6,D,60610,57580
Indamin,20200914,57570,57570,57570,60530,1135395540,19722,16,D,60600,57570
Indamin,20200915,57510,57510,57510,60040,7656478830,133133,100,D,60530,57510
Indamin,20200916,57040,57040,57040,59980,1017365440,17836,39,D,60040,57040
Indamin,20200919,56990,56990,56990,59960,394541770,6923,9,D,59980,56990
Indamin,20200920,56970,56970,56970,59950,117187290,2057,9,D,59960,56970
Indamin,20200921,56960,56960,56960,59940,104407680,1833,7,D,59950,56960
Indamin,20200922,53950,53950,53950,58590,10169251300,188494,156,D,59940,53950
Indamin,20200923,55670,55670,55670,58540,724934740,13022,19,D,58590,55670
Indamin,20200926,55620,55620,55620,58520,370317960,6658,6,D,58540,55620
Indamin,20200927,55600,55600,55600,58510,103138000,1855,10,D,58520,55600
Indamin,20200928,55590,55590,55590,58500,83385000,1500,2,D,58510,55590
Indamin,20200929,55580,55580,55580,58490,82925360,1492,4,D,58500,55580
Indamin,20200930,55570,55570,55570,58490,74852790,1347,7,D,58490,55570
Indamin,20201003,55570,55570,55570,58340,2364614640,42552,25,D,58490,55570
Indamin,20201004,55430,55430,55430,58330,242173670,4369,12,D,58340,55430
Indamin,20201005,55420,55420,55420,58300,453335600,8180,9,D,58330,55420
Indamin,20201006,55390,55390,55390,58070,3696063920,66728,70,D,58300,55390
Indamin,20201007,55170,55170,55170,56930,18514665810,335593,134,D,58070,55170
Indamin,20201010,54090,54090,54090,56870,932187060,17234,19,D,56930,54090
Indamin,20201011,54030,54030,54030,55950,15321773370,283579,95,D,56870,54030
Indamin,20201012,53160,53160,53160,55890,1033324080,19438,19,D,55950,53160
Indamin,20201013,53100,53100,53100,55850,652492800,12288,13,D,55890,53100
Indamin,20201014,53060,53060,53060,55810,592733260,11171,10,D,55850,53060
Indamin,20201018,53020,53020,53020,55750,1024346400,19320,6,D,55810,53020
Indamin,20201019,52970,52970,52970,55750,33159220,626,4,D,55750,52970
Indamin,20201020,52970,52970,52970,55740,85546550,1615,4,D,55750,52970
Indamin,20201021,52960,52960,52960,55730,169313120,3197,8,D,55740,52960
Indamin,20201024,52950,52950,52950,55730,5030250,95,1,D,55730,52950
Indamin,20201026,52950,52950,52950,55720,94568700,1786,8,D,55730,52950
Indamin,20201027,52940,52940,52940,55710,143467400,2710,4,D,55720,52940
Indamin,20201028,52930,52930,52930,55680,461179090,8713,7,D,55710,52930
Indamin,20201031,52900,52900,52900,55660,269208100,5089,9,D,55680,52900
Indamin,20201101,50100,50100,50100,55510,1240826700,24767,55,D,55660,50100
Indamin,20201102,52740,52740,52740,55460,869313420,16483,4,D,55510,52740
Indamin,20201104,52690,52690,52690,55440,390327520,7408,6,D,55460,52690
Indamin,20201107,52670,52670,52670,54620,13976774550,265365,16,D,55440,52670
Indamin,20201108,51890,51890,51890,54620,21171120,408,2,D,54620,51890
Indamin,20201111,51890,51890,51890,54610,220636280,4252,6,D,54620,51890
Indamin,20201114,51880,51880,51880,54600,181164960,3492,13,D,54610,51880
Indamin,20201115,51870,51870,51870,54600,35945910,693,4,D,54600,51870
Indamin,20201116,51870,51870,51870,54000,10441949700,201310,11,D,54600,51870
Indamin,20201117,51300,51300,51300,53990,163903500,3195,15,D,54000,51300
Indamin,20201118,51300,51300,51300,52950,18107412300,352971,82,D,53990,51300
Indamin,20201121,50310,50310,50310,52870,1449682650,28815,31,D,52950,50310
Indamin,20201122,50230,50230,50230,52860,133310420,2654,8,D,52870,50230
Indamin,20201123,50220,50220,50220,52840,290171160,5778,13,D,52860,50220
Indamin,20201124,50200,50200,50200,52760,1394254800,27774,43,D,52840,50200
Indamin,20201125,50130,50130,50130,52390,6689347200,133440,17,D,52760,50130
Indamin,20201128,49780,49780,49780,52360,456034580,9161,28,D,52390,49780
Indamin,20201129,49750,52350,49750,50160,4.15904E+12,82918665,26507,D,52360,49900
Indamin,20201130,50160,51700,47660,49280,1.91812E+12,38923809,25679,D,50160,48380
Indamin,20201201,48300,51740,47000,50610,1.22769E+12,24259485,12366,D,49280,51740
Indamin,20201202,51600,52900,48080,51010,1.01283E+12,19854527,13639,D,50610,49640
Indamin,20201205,50850,52000,48460,50310,6.49645E+11,12912456,9318,D,51010,50020
Indamin,20201206,51000,52820,50310,52380,9.40093E+11,17949016,9814,D,50310,52820
Indamin,20201207,53170,54500,49770,51480,5.31361E+11,10320920,8626,D,52380,49770
Indamin,20201208,50010,52000,48910,49350,5.10783E+11,10349826,6569,D,51480,48910
Indamin,20201209,49350,51460,48500,50360,4.67828E+11,9288790,6864,D,49350,50400
Indamin,20201212,52400,52400,48440,50140,3.90425E+11,7787338,6399,D,50360,49500
Indamin,20201213,49500,52640,49500,52070,4.44082E+11,8528828,4637,D,50140,52640
Indamin,20201214,54670,54670,49510,52980,6.25268E+11,11802854,9029,D,52070,50300
Indamin,20201215,50340,50500,50340,51440,29397389800,583811,405,D,52980,50340
Indamin,20201216,48870,50350,48870,48960,1.62748E+11,3324044,1874,D,51440,48870
Indamin,20201219,47030,50500,46520,47000,2.87767E+11,6122120,4532,D,48960,46520
Indamin,20201220,45000,46850,44650,44940,64454310170,1434209,947,D,47000,44650
Indamin,20201221,42700,42700,42700,43200,33925363500,794505,517,D,44940,42700
Indamin,20201222,41040,45360,41040,43680,7.3297E+11,16779989,8826,D,43200,45270
Indamin,20201223,45800,45840,41500,42880,4.46995E+11,10423461,8004,D,43680,42030
Indamin,20201226,42800,43790,40740,41190,3.40079E+11,8256535,6584,D,42880,40740
Indamin,20201227,39250,41180,39140,39590,2.99535E+11,7565980,4773,D,41190,39140
Indamin,20201228,38500,41500,38270,40170,3.54777E+11,8832464,5198,D,39590,40890
Indamin,20201229,41900,42170,40100,41630,2.469E+11,5930930,2467,D,40170,42170
Indamin,20201230,43710,43710,43710,43710,88547630580,2025798,701,D,41630,43710
Indamin,20210102,45890,45890,45890,45890,88996496160,1939344,870,D,43710,45890
Indamin,20210103,48180,48180,48180,48180,1.10227E+11,2287816,903,D,45890,48180
Indamin,20210104,48500,50570,45780,47930,1.18853E+12,24799832,12903,D,48180,48000
Indamin,20210105,48000,48000,45540,45920,2.27587E+11,4956294,2743,D,47930,45540
Indamin,20210106,44220,47300,43630,44590,1.34097E+11,3007271,1320,D,45920,43630
Indamin,20210109,42620,46810,42370,44890,5.57463E+11,12418168,5878,D,44590,46810
Indamin,20210110,47130,47130,47130,46960,48779550000,1035000,469,D,44890,47130
Indamin,20210111,49300,49300,44620,46360,5.21932E+11,11257220,6096,D,46960,44620
Indamin,20210112,44060,46000,44050,44210,2.4883E+11,5627772,2670,D,46360,44050
Indamin,20210113,42100,44210,42000,42080,1.61428E+11,3835936,1607,D,44210,42000
Indamin,20210116,39980,42040,39980,40230,55319533380,1374929,508,D,42080,39980
Indamin,20210118,38220,38220,38220,40140,2039075220,53351,55,D,40230,38220
Indamin,20210119,38140,38810,38140,38180,2.19517E+11,5749782,2138,D,40140,38140
Indamin,20210120,37500,38000,36280,36520,1.38425E+11,3790275,1551,D,38180,36280
Indamin,20210123,34700,35980,34700,34790,1.00301E+11,2883224,1072,D,36520,34700
Indamin,20210124,34710,36520,33060,35180,4.58029E+11,13020558,4919,D,34790,33760
Indamin,20210125,33780,34500,33430,33600,2.74912E+11,8181717,2580,D,35180,33430
Indamin,20210126,32050,33420,31920,32240,48724450460,1511488,682,D,33600,31920
Indamin,20210127,30630,31130,30630,30640,1.98761E+11,6486279,1782,D,32240,30630
Indamin,20210130,30550,31900,29110,30440,3.63553E+11,11943444,5279,D,30640,31470
Indamin,20210131,31800,31800,28920,29470,1.78902E+11,6071269,2420,D,30440,28920
Indamin,20210201,28000,29200,28000,28170,96969665390,3441747,1170,D,29470,28000
Indamin,20210202,26770,28160,26770,27030,1.65612E+11,6126457,2285,D,28170,26780
Indamin,20210203,27400,28380,25680,27010,2.60234E+11,9635978,3612,D,27030,28380
Indamin,20210206,28360,28360,27300,28340,1.95965E+11,6914693,1800,D,27010,28360
Indamin,20210207,29750,29750,29750,29570,48121487750,1617529,437,D,28340,29750
Indamin,20210208,31040,31040,28100,28760,3.50445E+11,12185628,3443,D,29570,28100
Indamin,20210209,28500,29940,27330,28290,2.3567E+11,8329459,3162,D,28760,28800
Indamin,20210213,29970,29980,28540,29120,1.25722E+11,4317054,1886,D,28290,29200
Indamin,20210214,29540,29540,28540,28760,34249024760,1198076,490,D,29120,28540
Indamin,20210215,28190,28190,28190,28690,6311712810,223899,88,D,28760,28190
Indamin,20210216,28120,29620,28120,28350,1.48871E+11,5250673,1427,D,28690,28290
Indamin,20210217,27910,28700,27790,27830,77820583950,2795831,961,D,28350,27790
Indamin,20210220,28480,29490,27280,29100,4.09492E+11,14071035,4428,D,27830,28410
Indamin,20210221,28520,28520,28520,29070,2893867360,101468,60,D,29100,28520
Indamin,20210222,28490,28490,28490,29070,368062310,12919,16,D,29070,28490
Indamin,20210223,28490,28490,28490,29060,959856590,33691,20,D,29070,28490
Indamin,20210224,28480,28490,28480,28770,25855231290,907837,236,D,29060,28480
Indamin,20210227,28200,28200,28200,28770,77239800,2739,10,D,28770,28200
Indamin,20210228,28200,28200,28200,28770,324356400,11502,8,D,28770,28200
Indamin,20210301,28200,28200,28200,28760,1258791600,44638,9,D,28770,28200
Indamin,20210302,28190,28190,28190,28720,3212137740,113946,20,D,28760,28190
Indamin,20210303,28150,28150,28150,28720,154430900,5486,8,D,28720,28150
Indamin,20210306,28150,28150,28150,28700,1431455650,50851,14,D,28720,28150
Indamin,20210307,28130,28130,28130,28700,108075460,3842,4,D,28700,28130
Indamin,20210308,28130,28130,28130,28700,211987680,7536,14,D,28700,28130
Indamin,20210309,28130,28130,28130,28700,357869860,12722,12,D,28700,28130
Indamin,20210315,28130,28130,28130,28700,273086040,9708,22,D,28700,28130
Indamin,20210316,28130,28130,28130,28310,33650540630,1196251,167,D,28700,28130
Indamin,20210317,27750,27750,27750,27880,37264309500,1342858,208,D,28310,27750
Indamin,20210327,27330,29550,27330,28480,1.89219E+11,6644123,2181,D,27880,28950
Indamin,20210328,28500,29400,27920,28110,87566753300,3115037,1337,D,28480,27920
Indamin,20210330,27550,28390,27550,27620,45944599050,1666036,571,D,28110,27550
Indamin,20210331,27080,27200,27070,27420,17568286830,648937,287,D,27620,27070
Indamin,20210403,26880,26880,26880,27390,2633702400,97980,39,D,27420,26880
Indamin,20210404,26850,26850,26850,27390,232494150,8659,9,D,27390,26850
Indamin,20210405,26850,26850,26850,27390,33777300,1258,4,D,27390,26850
Indamin,20210406,26850,27290,26850,27130,23887825720,889280,235,D,27390,26850
Indamin,20210407,26590,26590,26590,27130,40629520,1528,6,D,27130,26590
Indamin,20210410,26590,26590,26590,27130,24994600,940,2,D,27130,26590
Indamin,20210411,26590,26590,26590,27130,58577770,2203,3,D,27130,26590
Indamin,20210412,26590,26590,26590,27130,183869850,6915,5,D,27130,26590
Indamin,20210413,26590,26590,26590,27130,409007380,15382,27,D,27130,26590
Indamin,20210414,26590,26590,26590,27130,16406030,617,3,D,27130,26590
Indamin,20210417,26590,26590,26590,27130,11699600,440,1,D,27130,26590
Indamin,20210418,26590,26590,26590,27130,62167420,2338,2,D,27130,26590
Indamin,20210419,26590,26590,26590,27130,95139020,3578,6,D,27130,26590
Indamin,20210420,26590,26590,26590,27130,23931000,900,3,D,27130,26590
Indamin,20210421,26320,26320,26320,27130,160841520,6111,4,D,27130,26320
Indamin,20210424,26320,26320,26320,27130,28083440,1067,3,D,27130,26320
Indamin,20210425,26320,26320,26320,27130,7896000,300,1,D,27130,26320
Indamin,20210427,26320,26320,26320,27130,34821360,1323,4,D,27130,26320
Indamin,20210428,26320,26320,26320,27130,78696800,2990,3,D,27130,26320
Indamin,20210501,26320,26320,26320,27130,54087600,2055,3,D,27130,26320
Indamin,20210502,26320,26320,26320,27130,149760800,5690,4,D,27130,26320
Indamin,20210503,26320,26320,26320,27130,276360000,10500,2,D,27130,26320
Indamin,20210505,26320,26320,26320,27130,14239120,541,2,D,27130,26320
Indamin,20210508,26320,26320,26320,27130,26320000,1000,1,D,27130,26320
Indamin,20210509,26320,26320,26320,27130,87671920,3331,4,D,27130,26320
Indamin,20210510,26320,26320,26320,27130,26320000,1000,1,D,27130,26320
Indamin,20210511,26320,26320,26320,27130,52640000,2000,2,D,27130,26320
Indamin,20210512,26320,26320,26320,27130,43059520,1636,1,D,27130,26320
Indamin,20210515,25780,25780,25780,27120,81387460,3157,6,D,27130,25780
Indamin,20210516,25770,25770,25770,27100,189821820,7366,15,D,27120,25770
Indamin,20210518,25750,25750,25750,27100,5150000,200,1,D,27100,25750
Indamin,20210519,25750,25750,25750,27100,5175750,201,1,D,27100,25750
Indamin,20210522,25750,25750,25750,26780,3352650000,130200,6,D,27100,25750
Indamin,20210524,25450,25450,25450,26660,1313220000,51600,6,D,26780,25450
Indamin,20210525,25330,25330,25330,26660,48380300,1910,2,D,26660,25330
Indamin,20210526,25330,25330,25330,26410,2685511930,106021,11,D,26660,25330
Indamin,20210529,25090,25090,25090,26360,552958510,22039,15,D,26410,25090
Indamin,20210530,25050,25050,25050,26350,131061600,5232,10,D,26360,25050
Indamin,20210531,25040,25040,25040,26320,304210960,12149,39,D,26350,25040
Indamin,20210601,25010,25010,25010,26310,88585420,3542,16,D,26320,25010
Indamin,20210602,25000,25000,25000,26250,659600000,26384,14,D,26310,25000
Indamin,20210607,24940,24940,24940,25690,6091420420,244243,34,D,26250,24940
Indamin,20210608,24410,24410,24410,25590,1096716890,44929,23,D,25690,24410
Indamin,20210609,24320,24320,24320,25490,1106000640,45477,10,D,25590,24320
Indamin,20210612,24220,24220,24220,25210,3168823700,130835,9,D,25490,24220
Indamin,20210613,23950,23950,23950,25210,19615050,819,3,D,25210,23950
Indamin,20210614,23950,23950,23950,25000,2347555050,98019,21,D,25210,23950
Indamin,20210619,18000,18750,17100,17450,1.11459E+11,6388461,1201,D,25000,17100
Indamin,20210620,16680,17310,16580,16690,1.30473E+11,7819510,1037,D,17450,16580
Indamin,20210621,15900,16980,15860,16400,1.16675E+11,7113002,2275,D,16690,16250
Indamin,20210622,16500,17050,15980,16390,50342671050,3071747,1393,D,16400,16100
Indamin,20210623,16100,16700,15900,16170,51313247920,3173620,1388,D,16390,16030
Indamin,20210626,16270,16970,15650,16870,92113791170,5459080,1451,D,16170,16970
Indamin,20210627,16900,17500,16390,16920,58220109480,3441538,1264,D,16870,16700
Indamin,20210628,17000,17200,16200,16700,37050896820,2218913,767,D,16920,16600
Indamin,20210629,16320,16990,16110,16450,36262449170,2205017,784,D,16700,16470
Indamin,20210630,16580,17270,16030,16870,71039072750,4210705,1247,D,16450,17270
Indamin,20210703,17600,17660,17180,17420,39959300530,2293983,891,D,16870,17400
Indamin,20210704,17430,18290,17220,18130,45134668270,2489020,757,D,17420,18290
Indamin,20210705,18710,18790,17720,18150,36120146980,1990231,912,D,18130,17740
Indamin,20210706,17700,18640,17510,18140,36323004470,2002494,837,D,18150,18350
Indamin,20210707,18400,19040,18140,18890,60348348520,3195162,1016,D,18140,18850
Indamin,20210710,19350,19350,18250,19000,29567343340,1556494,939,D,18890,18930
Indamin,20210711,19440,19440,18260,18670,25881760030,1386379,768,D,19000,18390
Indamin,20210712,18780,19400,18340,18790,21403587780,1139133,621,D,18670,18410
Indamin,20210713,18380,18700,17860,18000,33791283330,1877271,726,D,18790,17860
Indamin,20210714,17550,17990,17100,17330,65247759800,3765033,1632,D,18000,17250
Indamin,20210717,17800,18140,17420,17780,34376508700,1933358,1011,D,17330,17600
Indamin,20210718,18100,18100,16980,17200,24526016370,1425683,660,D,17780,17000
Indamin,20210719,16820,17700,16770,17190,28948228310,1684342,669,D,17200,17170
Indamin,20210726,17050,17590,17050,17430,19672429630,1128895,587,D,17190,17400
Indamin,20210727,17320,17670,16560,16720,19113695250,1143417,419,D,17430,16560
Indamin,20210728,16550,16880,15890,16280,20607937380,1265967,671,D,16720,16340
Indamin,20210731,16290,16680,16060,16310,14690398290,900667,538,D,16280,16120
Indamin,20210801,16300,16960,16000,16330,16042886930,982553,527,D,16310,16260
Indamin,20210802,16520,17140,16140,17060,61624172690,3612438,933,D,16330,17140
Indamin,20210803,17550,17550,16700,17060,28917625240,1694636,686,D,17060,16750
Indamin,20210804,16450,17140,16210,16570,44236563840,2669870,767,D,17060,16350
Indamin,20210807,16230,17070,16230,16640,18231286920,1095934,473,D,16570,16480
Indamin,20210808,16640,17470,16220,17040,42887151480,2516960,907,D,16640,17300
Indamin,20210809,16670,17890,16660,17740,42622642620,2402555,492,D,17040,17890
Indamin,20210810,18440,18620,18060,18430,57276829410,3107774,1015,D,17740,18360
Indamin,20210811,18590,18590,17510,17930,48915903480,2728805,1037,D,18430,17820
Indamin,20210814,18020,18820,17600,18770,83273176180,4435979,1111,D,17930,18820
Indamin,20210815,18900,19700,18000,19210,68402076620,3561083,1043,D,18770,19600
Indamin,20210822,19790,20170,19220,20120,66068716010,3283636,935,D,19210,20170
Indamin,20210823,20620,20620,19120,19770,56310971700,2847712,1222,D,20120,19330
Indamin,20210824,19770,20750,19370,20680,83482506740,4036222,1157,D,19770,20710
Indamin,20210825,21690,21710,20690,21490,69688134570,3242906,1087,D,20680,21710
Indamin,20210828,22400,22560,21740,22550,1.33315E+11,5911713,1031,D,21490,22560
Indamin,20210829,23490,23670,21430,22950,1.38295E+11,6025419,2155,D,22550,21920
Indamin,20210830,21820,24000,21810,22470,1.03895E+11,4624452,1695,D,22950,21810
Indamin,20210831,21840,23100,21350,21990,1.11799E+11,5084689,1666,D,22470,21900
Indamin,20210901,22470,23080,21000,22530,89969689200,3992604,1233,D,21990,23080
Indamin,20210904,23580,23580,22000,22650,81295269100,3588669,1467,D,22530,23000
Indamin,20210905,23000,23780,22140,23480,83923032060,3574224,1560,D,22650,23780
Indamin,20210906,24000,24490,22660,23630,84358157250,3569320,1695,D,23480,22810
Indamin,20210907,22800,24480,22740,23350,89625936890,3838242,1696,D,23630,23000
Indamin,20210908,24000,24000,22450,22800,76962780590,3375302,1551,D,23350,22520
Indamin,20210911,22460,23300,21660,22340,70055655140,3135461,1239,D,22800,22000
Indamin,20210912,21800,22280,21230,21320,29912713020,1403349,626,D,22340,21230
Indamin,20210913,21230,21990,20260,21300,47551160370,2232832,1216,D,21320,21530
Indamin,20210914,21810,22360,21810,22350,54688302360,2447185,904,D,21300,22360
Indamin,20210915,22650,23460,21790,23120,88197777430,3814850,1883,D,22350,23200
Indamin,20210918,23650,23890,21970,22270,48619682260,2182908,1131,D,23120,21970
Indamin,20210919,21300,22700,21160,21570,43239126490,2004937,822,D,22270,21360
Indamin,20210920,21360,22140,20940,21380,48755161430,2280508,987,D,21570,21110
Indamin,20210921,21500,21500,20320,20440,36280639450,1775399,541,D,21380,20320
Indamin,20210922,19720,21240,19420,19780,54564571670,2758238,1265,D,20440,20150
Indamin,20210925,20400,20600,19980,20260,42187857730,2082757,909,D,19780,20500
Indamin,20210926,20520,20950,19250,19420,39974816650,2058271,825,D,20260,19270
Indamin,20210928,19420,19850,18450,18690,34091048770,1824248,872,D,19420,18600
Indamin,20210929,19200,19620,18120,19480,44332009400,2276157,851,D,18690,19620
Indamin,20211002,19580,20250,19130,19670,25702035720,1306636,687,D,19480,19380
Indamin,20211003,18720,20500,18710,19400,48571062710,2504300,915,D,19670,19530
Indamin,20211004,20180,20180,19170,19600,24669438330,1258350,651,D,19400,19590
Indamin,20211006,19930,19930,19020,19390,32829349220,1693495,537,D,19600,19140
Indamin,20211009,19700,19700,18430,18580,35989405390,1936904,570,D,19390,18430
Indamin,20211010,17930,18380,17720,17950,15222598830,848178,407,D,18580,18100
Indamin,20211011,17500,18400,17200,17610,18397095170,1044595,473,D,17950,17260
Indamin,20211012,16880,17380,16730,16740,39990351370,2389117,386,D,17610,16730
Indamin,20211013,15960,16700,15910,15970,44843827450,2807727,480,D,16740,16230
Indamin,20211016,15700,16760,15700,16740,28878729370,1725084,368,D,15970,16760
Indamin,20211017,17570,17570,17170,17570,23939654670,1362768,219,D,16740,17570
Indamin,20211018,18440,18440,18440,18440,18028234800,977670,155,D,17570,18440
Indamin,20211019,19360,19360,19360,18950,10134282400,523465,103,D,18440,19360
Indamin,20211020,19890,19890,19550,19880,1.38263E+11,6954940,702,D,18950,19890
Indamin,20211023,20700,20870,18890,20110,1.33884E+11,6657969,1836,D,19880,20220
Indamin,20211025,19220,21110,19220,20740,71899363640,3466827,908,D,20110,21110
Indamin,20211026,21760,21770,20770,21620,2.1887E+11,10125377,2095,D,20740,20900
Indamin,20211027,20800,21080,20540,20600,45348348910,2201413,560,D,21620,20540
Indamin,20211030,19570,21500,19570,20110,87954764480,4374070,1310,D,20600,20000
Indamin,20211031,20000,21000,19350,20300,40161791820,1978624,682,D,20110,20110
Indamin,20211101,19720,21310,19720,21160,47623447270,2250656,741,D,20300,21040
Indamin,20211102,21160,22210,21160,22150,28854495760,1302460,256,D,21160,22210
Indamin,20211108,24250,25460,23700,24670,2.06835E+11,8382896,2318,D,22150,23900
Indamin,20211109,23990,24470,23440,23680,1.6144E+11,6818153,1756,D,24670,23830
Indamin,20211110,24750,24860,24110,24780,35162234560,1418999,416,D,23680,24860
Indamin,20211113,23550,23550,23550,23800,11379100950,483189,98,D,24780,23550
Indamin,20211114,23990,24990,23990,24910,1.73102E+11,6947708,1580,D,23800,24990
Indamin,20211115,25010,26150,24100,25590,1.2213E+11,4773454,1409,D,24910,26150
Indamin,20211116,26860,26860,26190,26840,37489546880,1396854,394,D,25590,26860
Indamin,20211117,28180,28180,26840,27800,1.56018E+11,5613047,1742,D,26840,27260
Indamin,20211120,27700,28200,26410,26690,1.23223E+11,4616575,1541,D,27800,26410
Indamin,20211121,26630,28020,26630,27870,37483635540,1344918,451,D,26690,28020
Indamin,20211122,29240,29260,27280,28510,1.41751E+11,4971543,1602,D,27870,28000
Indamin,20211123,28550,29930,27300,29580,1.72257E+11,5823298,1702,D,28510,29690
Indamin,20211124,29580,31050,28310,30360,2.02564E+11,6672867,2509,D,29580,29610
Indamin,20211127,29550,29840,28850,29000,82947371370,2860226,934,D,30360,28850
Indamin,20211128,28000,28530,27550,27640,57355388110,2074759,653,D,29000,27550
Indamin,20211129,26260,27600,26260,26600,1.39346E+11,5239087,1959,D,27640,26300
Indamin,20211130,27000,27450,25400,26520,64013175450,2413730,1327,D,26600,25520
Indamin,20211201,25380,26090,25200,25350,48258100910,1903875,694,D,26520,25200
Indamin,20211204,25370,26400,24090,24460,87216887470,3566047,1133,D,25350,24100
Indamin,20211205,24000,25400,23420,24580,51787289140,2106805,925,D,24460,24640
Indamin,20211206,25000,25800,24850,25550,1.2283E+11,4808079,1305,D,24580,25200
Indamin,20211207,25500,25990,24280,24710,43151231830,1746178,615,D,25550,24280
Indamin,20211208,25300,25780,23480,24690,1.08139E+11,4380027,1455,D,24710,24720
Indamin,20211211,24700,25500,23460,23900,29424814540,1230954,538,D,24690,23460
Indamin,20211212,22720,23870,22710,22720,17018145450,749169,72,D,23900,22710
Indamin,20211213,21590,21590,21590,21590,15090697530,698967,74,D,22720,21590
Indamin,20211214,20520,21150,20520,20620,1.00679E+11,4883244,1026,D,21590,20520
Indamin,20211215,20520,21600,20060,21170,52936045710,2500278,999,D,20620,21400
Indamin,20211218,22100,22200,21180,21570,32789450820,1519859,541,D,21170,21450
Indamin,20211219,21570,21900,20500,20690,29744903060,1437866,443,D,21570,20500
Indamin,20211220,19660,20480,19660,19740,73985044430,3747590,883,D,20690,19660
Indamin,20211221,19740,20280,19000,19990,23471564020,1174089,377,D,19740,20000
Indamin,20211222,19670,20980,19670,20760,30554248360,1471504,455,D,19990,20980
Indamin,20211225,21480,21790,19830,20770,34226226290,1647527,583,D,20760,20340
Indamin,20211226,19870,21500,19870,20890,25567381540,1224159,517,D,20770,21370
Indamin,20211227,21000,21930,21000,21890,39056315210,1783859,356,D,20890,21930
Indamin,20211228,22890,22980,22100,22840,16256863590,711143,222,D,21890,22980
Indamin,20211229,23180,23980,21700,23540,1.00403E+11,4264586,1290,D,22840,22680
Indamin,20220101,22370,23390,22370,22370,16483106730,736800,167,D,23540,22370
Indamin,20220102,21300,22300,21260,21420,66426334460,3100486,1209,D,22370,21260
Indamin,20220103,21420,22490,21000,22130,47825254160,2161157,978,D,21420,21980
Indamin,20220104,22130,23150,21680,22350,46035167710,2059556,820,D,22130,22560
Indamin,20220105,22410,23000,21700,22280,37828823330,1697637,554,D,22350,21750
Indamin,20220108,22390,23210,21800,22550,36211903930,1605591,541,D,22280,22400
Indamin,20220109,22100,22900,21430,21980,27876957560,1268327,531,D,22550,21970
Indamin,20220110,22700,23070,21360,22760,42723924630,1877372,527,D,21980,23070
Indamin,20220111,23890,23890,22910,23600,83526349440,3538691,979,D,22760,23100
Indamin,20220112,23000,24190,22530,23460,37548914760,1600369,736,D,23600,23000
Indamin,20220115,23490,23800,22600,23130,44414120320,1920305,748,D,23460,22880
Indamin,20220116,22510,24090,22510,23590,38329798100,1625017,724,D,23130,23880
Indamin,20220117,24090,24740,22750,23640,41056224380,1736500,728,D,23590,22800
Indamin,20220118,22620,23700,22460,22840,11981976070,528496,273,D,23640,22460
Indamin,20220119,22460,23640,21700,22050,36679229970,1663644,640,D,22840,21730
Indamin,20220122,22100,22880,20950,21150,22593902200,1068260,440,D,22050,20950
Indamin,20220123,20710,21700,20210,20790,42055100970,2023246,640,D,21150,21090
Indamin,20220124,21300,21730,20800,21100,22295615640,1056427,462,D,20790,21000
Indamin,20220125,21000,21500,20050,20240,40094073330,1981379,437,D,21100,20620
Indamin,20220126,20290,21250,20050,20930,27765827800,1326561,555,D,20240,21250
Indamin,20220129,21400,21970,20710,21840,17510734740,801767,387,D,20930,21970
Indamin,20220130,22700,22800,21390,21830,26910777820,1232817,483,D,21840,21450
Indamin,20220131,21820,22920,20800,22590,65171466210,2885505,657,D,21830,22920
Indamin,20220201,23710,23710,22040,22910,45947222130,2005784,670,D,22590,22040
Indamin,20220202,22780,23480,22120,22930,32871184880,1433285,735,D,22910,22760
Indamin,20220205,22930,23680,22000,22800,25833599330,1133074,642,D,22930,22300
Indamin,20220206,22790,23000,21660,21840,13567071940,622494,279,D,22800,21660
Indamin,20220207,20750,21780,20750,20800,39554407050,1901754,480,D,21840,20750
Indamin,20220208,20160,21400,19760,20050,75928298430,3786573,1160,D,20800,19760
Indamin,20220209,19990,19990,19050,19220,1.23526E+11,6428515,1500,D,20050,19250
Indamin,20220212,19090,19700,18580,19210,56362375320,2933883,997,D,19220,18640
Indamin,20220213,18660,19270,18250,18600,20675559220,1111483,501,D,19210,18250
Indamin,20220214,17670,18200,17670,17810,1.10216E+11,6188924,2090,D,18600,17690
Indamin,20220216,17130,17850,16920,17090,67659319160,3958924,1196,D,17810,17000
Indamin,20220219,17400,17940,16700,17750,78397993880,4417227,1162,D,17090,17940
Indamin,20220220,18150,18630,17880,18430,75901970170,4118999,1320,D,17750,18630
Indamin,20220221,19310,19350,18700,19260,88798847660,4611655,1027,D,18430,19350
Indamin,20220222,19360,19490,18610,19000,47065125120,2477715,765,D,19260,18780
Indamin,20220223,18610,19950,18610,19720,78510598940,3981528,846,D,19000,19950
Indamin,20220226,19700,20500,19000,19760,44410075320,2247826,705,D,19720,19060
Indamin,20220227,19740,19990,18980,19370,28301834570,1460986,583,D,19760,19420
Indamin,20220228,19800,19800,18610,19040,27128592240,1425062,607,D,19370,18610
Indamin,20220302,18620,19420,18300,18670,48377884920,2590971,562,D,19040,18480
Indamin,20220305,18500,19590,18500,19320,44357044380,2296138,664,D,18670,19070
Indamin,20220306,19550,19550,18820,19010,48077378790,2529414,736,D,19320,18990
Indamin,20220307,19200,19330,18060,18240,61023073810,3345541,829,D,19010,18060
Indamin,20220308,18240,18420,17330,17490,26900479940,1538198,552,D,18240,17330
Indamin,20220309,17600,18200,17000,17750,55881028890,3149077,850,D,17490,17900
Indamin,20220312,17750,17750,16870,16900,41399815880,2449337,619,D,17750,16870
Indamin,20220313,17130,17400,16500,17010,28213412310,1658905,615,D,16900,16890
Indamin,20220314,16810,17380,16450,16780,21714482540,1294318,685,D,17010,16720
Indamin,20220315,16930,17250,16600,16990,29656081410,1745161,607,D,16780,17070
Indamin,20220316,17450,17800,17260,17630,34010481770,1929052,718,D,16990,17610
Indamin,20220319,17770,18510,17770,18380,42158419570,2293638,762,D,17630,18510
Indamin,20220326,18500,18500,17470,17830,38693306520,2170556,890,D,18380,17470
Indamin,20220327,17430,18190,16980,17540,62714628980,3574959,1349,D,17830,17590
Indamin,20220328,18000,18180,17540,17870,40668386800,2275805,912,D,17540,17800
Indamin,20220329,18050,18050,17090,17470,87889083740,5029683,1504,D,17870,17900
Indamin,20220330,18100,18340,17810,18180,36617138690,2013807,645,D,17470,18340
Indamin,20220403,19040,19040,18510,18800,54390297250,2893843,1197,D,18180,18770
Indamin,20220404,18400,19240,17900,18570,76876030160,4139801,1528,D,18800,18100
Indamin,20220405,18350,19390,17660,18720,88262284390,4715055,1476,D,18570,19000
Indamin,20220406,19000,19650,18540,19480,1.38032E+11,7084309,1776,D,18720,19220
Indamin,20220409,19090,20400,18910,20090,55351398890,2754751,1076,D,19480,20210
Indamin,20220410,20210,20960,20210,20530,41257919230,2010058,846,D,20090,20570
Indamin,20220411,20900,20900,19510,19680,84785448550,4308373,1666,D,20530,19640
Indamin,20220412,19400,19660,18700,18800,30441657280,1619370,592,D,19680,18700
Indamin,20220413,17940,18960,17940,18470,32269698010,1746809,741,D,18800,18450
Indamin,20220416,18740,19390,18470,19190,56694611860,2955124,1101,D,18470,19390
Indamin,20220417,19450,19790,18650,19360,30049819620,1552002,833,D,19190,19470
Indamin,20220418,19750,20300,19220,19780,40016720920,2022971,915,D,19360,19370
Indamin,20220419,19840,19970,19130,19670,31881788960,1620790,793,D,19780,19630
Indamin,20220420,19900,20090,19430,19840,34303328080,1729213,701,D,19670,19880
Indamin,20220424,20030,20440,18850,19780,40538292950,2049010,802,D,19840,19390
Indamin,20220425,19200,20090,19200,19770,50367385040,2548003,768,D,19780,19700
Indamin,20220426,19900,20750,19620,20580,94014242460,4568313,1239,D,19770,20750
Indamin,20220427,21090,21600,20780,21510,94550770240,4395557,1198,D,20580,21600
Indamin,20220430,21440,22140,20650,21100,74181304520,3515693,1199,D,21510,20700
Indamin,20220501,21000,21490,20110,20590,54752327200,2659679,1155,D,21100,20300
Indamin,20220502,20850,21160,19860,20580,77314580630,3756623,1240,D,20590,20900
Indamin,20220507,20770,21600,20610,21530,89828267350,4171401,1018,D,20580,21600
Indamin,20220508,21950,22340,21010,21560,66917853180,3103987,1103,D,21530,21350
Indamin,20220509,21350,21700,20490,20830,54971472610,2639657,912,D,21560,20490
Indamin,20220510,20150,21870,20150,21450,64999743840,3030674,833,D,20830,21870
Indamin,20220511,21920,22520,21920,22490,97301455110,4326411,787,D,21450,22520
Indamin,20220514,22900,23610,22000,23270,1.9328E+11,8306820,1418,D,22490,23610
Indamin,20220515,24330,24430,23650,24380,2.08365E+11,8547459,1329,D,23270,24430
Indamin,20220516,24460,25500,23300,24420,1.1816E+11,4838520,1610,D,24380,24720
Indamin,20220517,24650,25640,23670,25020,1.43493E+11,5734708,1498,D,24420,24000
Indamin,20220518,23770,24420,23770,23780,1.88094E+11,7909766,1352,D,25020,23770
Indamin,20220521,23400,23400,22600,22740,81002942960,3561415,1029,D,23780,22600
Indamin,20220522,22220,23870,22220,23470,1.13184E+11,4822223,984,D,22740,23790
Indamin,20220523,24190,24190,22300,22450,63205419960,2815533,589,D,23470,22300
Indamin,20220524,22000,22690,21330,21640,58704520070,2712930,740,D,22450,21610
Indamin,20220525,21610,22600,20580,21470,84613691190,3940942,1097,D,21640,21500
Indamin,20220528,22200,22200,20460,20950,33719212760,1609694,528,D,21470,20550
Indamin,20220529,20450,20890,19910,20300,48910101170,2409433,558,D,20950,20850
Indamin,20220530,20700,21310,20130,21030,99847182170,4747792,996,D,20300,21310
Indamin,20220531,21350,21890,21100,21570,47434012110,2198664,452,D,21030,21610
Indamin,20220601,21350,22590,20720,22140,51140951200,2310204,531,D,21570,22180
